match_id,season,start_date,venue,innings,ball,batting_team,bowling_team,striker,non_striker,bowler,runs_off_bat,extras,wides,noballs,byes,legbyes,penalty,wicket_type,player_dismissed,other_wicket_type,other_player_dismissed
1410226,2024,2024-05-24,"Old Trafford, Manchester",1,0.1,Warwickshire,Lancashire,RM Yates,AL Davies,TE Bailey,0,0,,,,,,,,,
1410226,2024,2024-05-24,"Old Trafford, Manchester",1,0.2,Warwickshire,Lancashire,RM Yates,AL Davies,TE Bailey,0,0,,,,,,,,,
1410226,2024,2024-05-24,"Old Trafford, Manchester",1,0.3,Warwickshire,Lancashire,RM Yates,AL Davies,TE Bailey,0,0,,,,,,,,,
1410226,2024,2024-05-24,"Old Trafford, Manchester",1,0.4,Warwickshire,Lancashire,RM Yates,AL Davies,TE Bailey,0,0,,,,,,,,,
1410226,2024,2024-05-24,"Old Trafford, Manchester",1,0.5,Warwickshire,Lancashire,RM Yates,AL Davies,TE Bailey,0,0,,,,,,,,,
1410226,2024,2024-05-24,"Old Trafford, Manchester",1,0.6,Warwickshire,Lancashire,RM Yates,AL Davies,TE Bailey,0,0,,,,,,,,,
1410226,2024,2024-05-24,"Old Trafford, Manchester",1,1.1,Warwickshire,Lancashire,AL Davies,RM Yates,GP Balderson,4,0,,,,,,,,,
1410226,2024,2024-05-24,"Old Trafford, Manchester",1,1.2,Warwickshire,Lancashire,AL Davies,RM Yates,GP Balderson,0,0,,,,,,,,,
1410226,2024,2024-05-24,"Old Trafford, Manchester",1,1.3,Warwickshire,Lancashire,AL Davies,RM Yates,GP Balderson,1,0,,,,,,,,,
1410226,2024,2024-05-24,"Old Trafford, Manchester",1,1.4,Warwickshire,Lancashire,RM Yates,AL Davies,GP Balderson,0,0,,,,,,,,,
1410226,2024,2024-05-24,"Old Trafford, Manchester",1,1.5,Warwickshire,Lancashire,RM Yates,AL Davies,GP Balderson,4,0,,,,,,,,,
1410226,2024,2024-05-24,"Old Trafford, Manchester",1,1.6,Warwickshire,Lancashire,RM Yates,AL Davies,GP Balderson,0,0,,,,,,,,,
1410226,2024,2024-05-24,"Old Trafford, Manchester",1,2.1,Warwickshire,Lancashire,AL Davies,RM Yates,TE Bailey,0,0,,,,,,,,,
1410226,2024,2024-05-24,"Old Trafford, Manchester",1,2.2,Warwickshire,Lancashire,AL Davies,RM Yates,TE Bailey,0,0,,,,,,,,,
1410226,2024,2024-05-24,"Old Trafford, Manchester",1,2.3,Warwickshire,Lancashire,AL Davies,RM Yates,TE Bailey,0,0,,,,,,,,,
1410226,2024,2024-05-24,"Old Trafford, Manchester",1,2.4,Warwickshire,Lancashire,AL Davies,RM Yates,TE Bailey,0,0,,,,,,,,,
1410226,2024,2024-05-24,"Old Trafford, Manchester",1,2.5,Warwickshire,Lancashire,AL Davies,RM Yates,TE Bailey,0,0,,,,,,,,,
1410226,2024,2024-05-24,"Old Trafford, Manchester",1,2.6,Warwickshire,Lancashire,AL Davies,RM Yates,TE Bailey,0,0,,,,,,,,,
1410226,2024,2024-05-24,"Old Trafford, Manchester",1,3.1,Warwickshire,Lancashire,RM Yates,AL Davies,GP Balderson,0,0,,,,,,,,,
1410226,2024,2024-05-24,"Old Trafford, Manchester",1,3.2,Warwickshire,Lancashire,RM Yates,AL Davies,GP Balderson,0,0,,,,,,,,,
1410226,2024,2024-05-24,"Old Trafford, Manchester",1,3.3,Warwickshire,Lancashire,RM Yates,AL Davies,GP Balderson,0,0,,,,,,,,,
1410226,2024,2024-05-24,"Old Trafford, Manchester",1,3.4,Warwickshire,Lancashire,RM Yates,AL Davies,GP Balderson,0,0,,,,,,,,,
1410226,2024,2024-05-24,"Old Trafford, Manchester",1,3.5,Warwickshire,Lancashire,RM Yates,AL Davies,GP Balderson,0,0,,,,,,,,,
1410226,2024,2024-05-24,"Old Trafford, Manchester",1,3.6,Warwickshire,Lancashire,RM Yates,AL Davies,GP Balderson,0,0,,,,,,,,,
1410226,2024,2024-05-24,"Old Trafford, Manchester",1,4.1,Warwickshire,Lancashire,AL Davies,RM Yates,TE Bailey,0,0,,,,,,,,,
1410226,2024,2024-05-24,"Old Trafford, Manchester",1,4.2,Warwickshire,Lancashire,AL Davies,RM Yates,TE Bailey,4,0,,,,,,,,,
1410226,2024,2024-05-24,"Old Trafford, Manchester",1,4.3,Warwickshire,Lancashire,AL Davies,RM Yates,TE Bailey,0,0,,,,,,,,,
1410226,2024,2024-05-24,"Old Trafford, Manchester",1,4.4,Warwickshire,Lancashire,AL Davies,RM Yates,TE Bailey,4,0,,,,,,,,,
1410226,2024,2024-05-24,"Old Trafford, Manchester",1,4.5,Warwickshire,Lancashire,AL Davies,RM Yates,TE Bailey,0,0,,,,,,,,,
1410226,2024,2024-05-24,"Old Trafford, Manchester",1,4.6,Warwickshire,Lancashire,AL Davies,RM Yates,TE Bailey,0,0,,,,,,,,,
1410226,2024,2024-05-24,"Old Trafford, Manchester",1,5.1,Warwickshire,Lancashire,RM Yates,AL Davies,GP Balderson,0,0,,,,,,,,,
1410226,2024,2024-05-24,"Old Trafford, Manchester",1,5.2,Warwickshire,Lancashire,RM Yates,AL Davies,GP Balderson,2,0,,,,,,,,,
1410226,2024,2024-05-24,"Old Trafford, Manchester",1,5.3,Warwickshire,Lancashire,RM Yates,AL Davies,GP Balderson,4,0,,,,,,,,,
1410226,2024,2024-05-24,"Old Trafford, Manchester",1,5.4,Warwickshire,Lancashire,RM Yates,AL Davies,GP Balderson,0,2,,2,,,,,,,
1410226,2024,2024-05-24,"Old Trafford, Manchester",1,5.5,Warwickshire,Lancashire,RM Yates,AL Davies,GP Balderson,0,0,,,,,,,,,
1410226,2024,2024-05-24,"Old Trafford, Manchester",1,5.6,Warwickshire,Lancashire,RM Yates,AL Davies,GP Balderson,0,0,,,,,,,,,
1410226,2024,2024-05-24,"Old Trafford, Manchester",1,5.7,Warwickshire,Lancashire,RM Yates,AL Davies,GP Balderson,0,0,,,,,,,,,
1410226,2024,2024-05-24,"Old Trafford, Manchester",1,6.1,Warwickshire,Lancashire,AL Davies,RM Yates,TE Bailey,0,0,,,,,,,,,
1410226,2024,2024-05-24,"Old Trafford, Manchester",1,6.2,Warwickshire,Lancashire,AL Davies,RM Yates,TE Bailey,0,0,,,,,,,,,
1410226,2024,2024-05-24,"Old Trafford, Manchester",1,6.3,Warwickshire,Lancashire,AL Davies,RM Yates,TE Bailey,0,0,,,,,,,,,
1410226,2024,2024-05-24,"Old Trafford, Manchester",1,6.4,Warwickshire,Lancashire,AL Davies,RM Yates,TE Bailey,0,0,,,,,,,,,
1410226,2024,2024-05-24,"Old Trafford, Manchester",1,6.5,Warwickshire,Lancashire,AL Davies,RM Yates,TE Bailey,0,0,,,,,,,,,
1410226,2024,2024-05-24,"Old Trafford, Manchester",1,6.6,Warwickshire,Lancashire,AL Davies,RM Yates,TE Bailey,0,0,,,,,,,,,
1410226,2024,2024-05-24,"Old Trafford, Manchester",1,7.1,Warwickshire,Lancashire,RM Yates,AL Davies,GP Balderson,0,0,,,,,,,,,
1410226,2024,2024-05-24,"Old Trafford, Manchester",1,7.2,Warwickshire,Lancashire,RM Yates,AL Davies,GP Balderson,0,0,,,,,,,,,
1410226,2024,2024-05-24,"Old Trafford, Manchester",1,7.3,Warwickshire,Lancashire,RM Yates,AL Davies,GP Balderson,0,0,,,,,,,,,
1410226,2024,2024-05-24,"Old Trafford, Manchester",1,7.4,Warwickshire,Lancashire,RM Yates,AL Davies,GP Balderson,0,0,,,,,,,,,
1410226,2024,2024-05-24,"Old Trafford, Manchester",1,7.5,Warwickshire,Lancashire,RM Yates,AL Davies,GP Balderson,1,0,,,,,,,,,
1410226,2024,2024-05-24,"Old Trafford, Manchester",1,7.6,Warwickshire,Lancashire,AL Davies,RM Yates,GP Balderson,0,0,,,,,,,,,
1410226,2024,2024-05-24,"Old Trafford, Manchester",1,8.1,Warwickshire,Lancashire,RM Yates,AL Davies,TE Bailey,0,0,,,,,,,,,
1410226,2024,2024-05-24,"Old Trafford, Manchester",1,8.2,Warwickshire,Lancashire,RM Yates,AL Davies,TE Bailey,0,0,,,,,,,,,
1410226,2024,2024-05-24,"Old Trafford, Manchester",1,8.3,Warwickshire,Lancashire,RM Yates,AL Davies,TE Bailey,0,0,,,,,,,,,
1410226,2024,2024-05-24,"Old Trafford, Manchester",1,8.4,Warwickshire,Lancashire,RM Yates,AL Davies,TE Bailey,0,0,,,,,,,,,
1410226,2024,2024-05-24,"Old Trafford, Manchester",1,8.5,Warwickshire,Lancashire,RM Yates,AL Davies,TE Bailey,4,0,,,,,,,,,
1410226,2024,2024-05-24,"Old Trafford, Manchester",1,8.6,Warwickshire,Lancashire,RM Yates,AL Davies,TE Bailey,4,0,,,,,,,,,
1410226,2024,2024-05-24,"Old Trafford, Manchester",1,9.1,Warwickshire,Lancashire,AL Davies,RM Yates,GP Balderson,2,0,,,,,,,,,
1410226,2024,2024-05-24,"Old Trafford, Manchester",1,9.2,Warwickshire,Lancashire,AL Davies,RM Yates,GP Balderson,0,0,,,,,,,,,
1410226,2024,2024-05-24,"Old Trafford, Manchester",1,9.3,Warwickshire,Lancashire,AL Davies,RM Yates,GP Balderson,0,0,,,,,,,,,
1410226,2024,2024-05-24,"Old Trafford, Manchester",1,9.4,Warwickshire,Lancashire,AL Davies,RM Yates,GP Balderson,2,0,,,,,,,,,
1410226,2024,2024-05-24,"Old Trafford, Manchester",1,9.5,Warwickshire,Lancashire,AL Davies,RM Yates,GP Balderson,0,0,,,,,,,,,
1410226,2024,2024-05-24,"Old Trafford, Manchester",1,9.6,Warwickshire,Lancashire,AL Davies,RM Yates,GP Balderson,0,0,,,,,,,,,
1410226,2024,2024-05-24,"Old Trafford, Manchester",1,10.1,Warwickshire,Lancashire,RM Yates,AL Davies,TE Bailey,0,0,,,,,,,,,
1410226,2024,2024-05-24,"Old Trafford, Manchester",1,10.2,Warwickshire,Lancashire,RM Yates,AL Davies,TE Bailey,0,0,,,,,,,,,
1410226,2024,2024-05-24,"Old Trafford, Manchester",1,10.3,Warwickshire,Lancashire,RM Yates,AL Davies,TE Bailey,0,0,,,,,,,,,
1410226,2024,2024-05-24,"Old Trafford, Manchester",1,10.4,Warwickshire,Lancashire,RM Yates,AL Davies,TE Bailey,0,0,,,,,,,,,
1410226,2024,2024-05-24,"Old Trafford, Manchester",1,10.5,Warwickshire,Lancashire,RM Yates,AL Davies,TE Bailey,0,0,,,,,,,,,
1410226,2024,2024-05-24,"Old Trafford, Manchester",1,10.6,Warwickshire,Lancashire,RM Yates,AL Davies,TE Bailey,0,0,,,,,,bowled,RM Yates,,
1410226,2024,2024-05-24,"Old Trafford, Manchester",1,11.1,Warwickshire,Lancashire,AL Davies,WMH Rhodes,GP Balderson,0,0,,,,,,,,,
1410226,2024,2024-05-24,"Old Trafford, Manchester",1,11.2,Warwickshire,Lancashire,AL Davies,WMH Rhodes,GP Balderson,0,0,,,,,,,,,
1410226,2024,2024-05-24,"Old Trafford, Manchester",1,11.3,Warwickshire,Lancashire,AL Davies,WMH Rhodes,GP Balderson,0,0,,,,,,,,,
1410226,2024,2024-05-24,"Old Trafford, Manchester",1,11.4,Warwickshire,Lancashire,AL Davies,WMH Rhodes,GP Balderson,0,0,,,,,,,,,
1410226,2024,2024-05-24,"Old Trafford, Manchester",1,11.5,Warwickshire,Lancashire,AL Davies,WMH Rhodes,GP Balderson,0,0,,,,,,,,,
1410226,2024,2024-05-24,"Old Trafford, Manchester",1,11.6,Warwickshire,Lancashire,AL Davies,WMH Rhodes,GP Balderson,0,2,,2,,,,,,,
1410226,2024,2024-05-24,"Old Trafford, Manchester",1,11.7,Warwickshire,Lancashire,AL Davies,WMH Rhodes,GP Balderson,0,0,,,,,,,,,
1410226,2024,2024-05-24,"Old Trafford, Manchester",1,12.1,Warwickshire,Lancashire,WMH Rhodes,AL Davies,TE Bailey,0,0,,,,,,,,,
1410226,2024,2024-05-24,"Old Trafford, Manchester",1,12.2,Warwickshire,Lancashire,WMH Rhodes,AL Davies,TE Bailey,0,0,,,,,,,,,
1410226,2024,2024-05-24,"Old Trafford, Manchester",1,12.3,Warwickshire,Lancashire,WMH Rhodes,AL Davies,TE Bailey,2,0,,,,,,,,,
1410226,2024,2024-05-24,"Old Trafford, Manchester",1,12.4,Warwickshire,Lancashire,WMH Rhodes,AL Davies,TE Bailey,0,0,,,,,,,,,
1410226,2024,2024-05-24,"Old Trafford, Manchester",1,12.5,Warwickshire,Lancashire,WMH Rhodes,AL Davies,TE Bailey,0,0,,,,,,,,,
1410226,2024,2024-05-24,"Old Trafford, Manchester",1,12.6,Warwickshire,Lancashire,WMH Rhodes,AL Davies,TE Bailey,1,0,,,,,,,,,
1410226,2024,2024-05-24,"Old Trafford, Manchester",1,13.1,Warwickshire,Lancashire,WMH Rhodes,AL Davies,NM Lyon,2,0,,,,,,,,,
1410226,2024,2024-05-24,"Old Trafford, Manchester",1,13.2,Warwickshire,Lancashire,WMH Rhodes,AL Davies,NM Lyon,0,0,,,,,,,,,
1410226,2024,2024-05-24,"Old Trafford, Manchester",1,13.3,Warwickshire,Lancashire,WMH Rhodes,AL Davies,NM Lyon,2,0,,,,,,,,,
1410226,2024,2024-05-24,"Old Trafford, Manchester",1,13.4,Warwickshire,Lancashire,WMH Rhodes,AL Davies,NM Lyon,0,0,,,,,,,,,
1410226,2024,2024-05-24,"Old Trafford, Manchester",1,13.5,Warwickshire,Lancashire,WMH Rhodes,AL Davies,NM Lyon,0,0,,,,,,,,,
1410226,2024,2024-05-24,"Old Trafford, Manchester",1,13.6,Warwickshire,Lancashire,WMH Rhodes,AL Davies,NM Lyon,0,0,,,,,,,,,
1410226,2024,2024-05-24,"Old Trafford, Manchester",1,14.1,Warwickshire,Lancashire,AL Davies,WMH Rhodes,TE Bailey,0,0,,,,,,,,,
1410226,2024,2024-05-24,"Old Trafford, Manchester",1,14.2,Warwickshire,Lancashire,AL Davies,WMH Rhodes,TE Bailey,1,0,,,,,,,,,
1410226,2024,2024-05-24,"Old Trafford, Manchester",1,14.3,Warwickshire,Lancashire,WMH Rhodes,AL Davies,TE Bailey,0,0,,,,,,,,,
1410226,2024,2024-05-24,"Old Trafford, Manchester",1,14.4,Warwickshire,Lancashire,WMH Rhodes,AL Davies,TE Bailey,1,0,,,,,,,,,
1410226,2024,2024-05-24,"Old Trafford, Manchester",1,14.5,Warwickshire,Lancashire,AL Davies,WMH Rhodes,TE Bailey,0,0,,,,,,,,,
1410226,2024,2024-05-24,"Old Trafford, Manchester",1,14.6,Warwickshire,Lancashire,AL Davies,WMH Rhodes,TE Bailey,0,0,,,,,,,,,
1410226,2024,2024-05-24,"Old Trafford, Manchester",1,15.1,Warwickshire,Lancashire,WMH Rhodes,AL Davies,NM Lyon,0,0,,,,,,,,,
1410226,2024,2024-05-24,"Old Trafford, Manchester",1,15.2,Warwickshire,Lancashire,WMH Rhodes,AL Davies,NM Lyon,0,0,,,,,,,,,
1410226,2024,2024-05-24,"Old Trafford, Manchester",1,15.3,Warwickshire,Lancashire,WMH Rhodes,AL Davies,NM Lyon,0,0,,,,,,,,,
1410226,2024,2024-05-24,"Old Trafford, Manchester",1,15.4,Warwickshire,Lancashire,WMH Rhodes,AL Davies,NM Lyon,0,0,,,,,,,,,
1410226,2024,2024-05-24,"Old Trafford, Manchester",1,15.5,Warwickshire,Lancashire,WMH Rhodes,AL Davies,NM Lyon,1,0,,,,,,,,,
1410226,2024,2024-05-24,"Old Trafford, Manchester",1,15.6,Warwickshire,Lancashire,AL Davies,WMH Rhodes,NM Lyon,0,0,,,,,,,,,
1410226,2024,2024-05-24,"Old Trafford, Manchester",1,16.1,Warwickshire,Lancashire,WMH Rhodes,AL Davies,TH Aspinwall,0,0,,,,,,,,,
1410226,2024,2024-05-24,"Old Trafford, Manchester",1,16.2,Warwickshire,Lancashire,WMH Rhodes,AL Davies,TH Aspinwall,0,0,,,,,,,,,
1410226,2024,2024-05-24,"Old Trafford, Manchester",1,16.3,Warwickshire,Lancashire,WMH Rhodes,AL Davies,TH Aspinwall,0,0,,,,,,,,,
1410226,2024,2024-05-24,"Old Trafford, Manchester",1,16.4,Warwickshire,Lancashire,WMH Rhodes,AL Davies,TH Aspinwall,0,0,,,,,,,,,
1410226,2024,2024-05-24,"Old Trafford, Manchester",1,16.5,Warwickshire,Lancashire,WMH Rhodes,AL Davies,TH Aspinwall,0,0,,,,,,,,,
1410226,2024,2024-05-24,"Old Trafford, Manchester",1,16.6,Warwickshire,Lancashire,WMH Rhodes,AL Davies,TH Aspinwall,0,0,,,,,,,,,
1410226,2024,2024-05-24,"Old Trafford, Manchester",1,17.1,Warwickshire,Lancashire,AL Davies,WMH Rhodes,NM Lyon,0,0,,,,,,,,,
1410226,2024,2024-05-24,"Old Trafford, Manchester",1,17.2,Warwickshire,Lancashire,AL Davies,WMH Rhodes,NM Lyon,0,0,,,,,,,,,
1410226,2024,2024-05-24,"Old Trafford, Manchester",1,17.3,Warwickshire,Lancashire,AL Davies,WMH Rhodes,NM Lyon,0,0,,,,,,,,,
1410226,2024,2024-05-24,"Old Trafford, Manchester",1,17.4,Warwickshire,Lancashire,AL Davies,WMH Rhodes,NM Lyon,0,0,,,,,,,,,
1410226,2024,2024-05-24,"Old Trafford, Manchester",1,17.5,Warwickshire,Lancashire,AL Davies,WMH Rhodes,NM Lyon,0,0,,,,,,,,,
1410226,2024,2024-05-24,"Old Trafford, Manchester",1,17.6,Warwickshire,Lancashire,AL Davies,WMH Rhodes,NM Lyon,0,0,,,,,,,,,
1410226,2024,2024-05-24,"Old Trafford, Manchester",1,18.1,Warwickshire,Lancashire,WMH Rhodes,AL Davies,TH Aspinwall,0,0,,,,,,,,,
1410226,2024,2024-05-24,"Old Trafford, Manchester",1,18.2,Warwickshire,Lancashire,WMH Rhodes,AL Davies,TH Aspinwall,0,0,,,,,,,,,
1410226,2024,2024-05-24,"Old Trafford, Manchester",1,18.3,Warwickshire,Lancashire,WMH Rhodes,AL Davies,TH Aspinwall,0,0,,,,,,,,,
1410226,2024,2024-05-24,"Old Trafford, Manchester",1,18.4,Warwickshire,Lancashire,WMH Rhodes,AL Davies,TH Aspinwall,0,0,,,,,,,,,
1410226,2024,2024-05-24,"Old Trafford, Manchester",1,18.5,Warwickshire,Lancashire,WMH Rhodes,AL Davies,TH Aspinwall,0,0,,,,,,,,,
1410226,2024,2024-05-24,"Old Trafford, Manchester",1,18.6,Warwickshire,Lancashire,WMH Rhodes,AL Davies,TH Aspinwall,0,0,,,,,,,,,
1410226,2024,2024-05-24,"Old Trafford, Manchester",1,19.1,Warwickshire,Lancashire,AL Davies,WMH Rhodes,NM Lyon,0,0,,,,,,,,,
1410226,2024,2024-05-24,"Old Trafford, Manchester",1,19.2,Warwickshire,Lancashire,AL Davies,WMH Rhodes,NM Lyon,1,0,,,,,,,,,
1410226,2024,2024-05-24,"Old Trafford, Manchester",1,19.3,Warwickshire,Lancashire,WMH Rhodes,AL Davies,NM Lyon,2,0,,,,,,,,,
1410226,2024,2024-05-24,"Old Trafford, Manchester",1,19.4,Warwickshire,Lancashire,WMH Rhodes,AL Davies,NM Lyon,0,0,,,,,,,,,
1410226,2024,2024-05-24,"Old Trafford, Manchester",1,19.5,Warwickshire,Lancashire,WMH Rhodes,AL Davies,NM Lyon,0,0,,,,,,,,,
1410226,2024,2024-05-24,"Old Trafford, Manchester",1,19.6,Warwickshire,Lancashire,WMH Rhodes,AL Davies,NM Lyon,0,0,,,,,,,,,
1410226,2024,2024-05-24,"Old Trafford, Manchester",1,20.1,Warwickshire,Lancashire,AL Davies,WMH Rhodes,TH Aspinwall,0,0,,,,,,,,,
1410226,2024,2024-05-24,"Old Trafford, Manchester",1,20.2,Warwickshire,Lancashire,AL Davies,WMH Rhodes,TH Aspinwall,3,0,,,,,,,,,
1410226,2024,2024-05-24,"Old Trafford, Manchester",1,20.3,Warwickshire,Lancashire,WMH Rhodes,AL Davies,TH Aspinwall,0,0,,,,,,,,,
1410226,2024,2024-05-24,"Old Trafford, Manchester",1,20.4,Warwickshire,Lancashire,WMH Rhodes,AL Davies,TH Aspinwall,1,0,,,,,,,,,
1410226,2024,2024-05-24,"Old Trafford, Manchester",1,20.5,Warwickshire,Lancashire,AL Davies,WMH Rhodes,TH Aspinwall,4,0,,,,,,,,,
1410226,2024,2024-05-24,"Old Trafford, Manchester",1,20.6,Warwickshire,Lancashire,AL Davies,WMH Rhodes,TH Aspinwall,2,0,,,,,,,,,
1410226,2024,2024-05-24,"Old Trafford, Manchester",1,21.1,Warwickshire,Lancashire,WMH Rhodes,AL Davies,NM Lyon,0,0,,,,,,,,,
1410226,2024,2024-05-24,"Old Trafford, Manchester",1,21.2,Warwickshire,Lancashire,WMH Rhodes,AL Davies,NM Lyon,0,0,,,,,,,,,
1410226,2024,2024-05-24,"Old Trafford, Manchester",1,21.3,Warwickshire,Lancashire,WMH Rhodes,AL Davies,NM Lyon,0,0,,,,,,,,,
1410226,2024,2024-05-24,"Old Trafford, Manchester",1,21.4,Warwickshire,Lancashire,WMH Rhodes,AL Davies,NM Lyon,0,0,,,,,,,,,
1410226,2024,2024-05-24,"Old Trafford, Manchester",1,21.5,Warwickshire,Lancashire,WMH Rhodes,AL Davies,NM Lyon,0,0,,,,,,,,,
1410226,2024,2024-05-24,"Old Trafford, Manchester",1,21.6,Warwickshire,Lancashire,WMH Rhodes,AL Davies,NM Lyon,0,0,,,,,,,,,
1410226,2024,2024-05-24,"Old Trafford, Manchester",1,22.1,Warwickshire,Lancashire,AL Davies,WMH Rhodes,TH Aspinwall,0,0,,,,,,,,,
1410226,2024,2024-05-24,"Old Trafford, Manchester",1,22.2,Warwickshire,Lancashire,AL Davies,WMH Rhodes,TH Aspinwall,0,0,,,,,,,,,
1410226,2024,2024-05-24,"Old Trafford, Manchester",1,22.3,Warwickshire,Lancashire,AL Davies,WMH Rhodes,TH Aspinwall,0,0,,,,,,,,,
1410226,2024,2024-05-24,"Old Trafford, Manchester",1,22.4,Warwickshire,Lancashire,AL Davies,WMH Rhodes,TH Aspinwall,1,0,,,,,,,,,
1410226,2024,2024-05-24,"Old Trafford, Manchester",1,22.5,Warwickshire,Lancashire,WMH Rhodes,AL Davies,TH Aspinwall,0,0,,,,,,,,,
1410226,2024,2024-05-24,"Old Trafford, Manchester",1,22.6,Warwickshire,Lancashire,WMH Rhodes,AL Davies,TH Aspinwall,0,0,,,,,,,,,
1410226,2024,2024-05-24,"Old Trafford, Manchester",1,23.1,Warwickshire,Lancashire,AL Davies,WMH Rhodes,NM Lyon,0,1,,,,1,,,,,
1410226,2024,2024-05-24,"Old Trafford, Manchester",1,23.2,Warwickshire,Lancashire,WMH Rhodes,AL Davies,NM Lyon,0,0,,,,,,,,,
1410226,2024,2024-05-24,"Old Trafford, Manchester",1,23.3,Warwickshire,Lancashire,WMH Rhodes,AL Davies,NM Lyon,0,0,,,,,,,,,
1410226,2024,2024-05-24,"Old Trafford, Manchester",1,23.4,Warwickshire,Lancashire,WMH Rhodes,AL Davies,NM Lyon,0,0,,,,,,,,,
1410226,2024,2024-05-24,"Old Trafford, Manchester",1,23.5,Warwickshire,Lancashire,WMH Rhodes,AL Davies,NM Lyon,0,0,,,,,,,,,
1410226,2024,2024-05-24,"Old Trafford, Manchester",1,23.6,Warwickshire,Lancashire,WMH Rhodes,AL Davies,NM Lyon,0,0,,,,,,,,,
1410226,2024,2024-05-24,"Old Trafford, Manchester",1,24.1,Warwickshire,Lancashire,AL Davies,WMH Rhodes,GP Balderson,0,0,,,,,,,,,
1410226,2024,2024-05-24,"Old Trafford, Manchester",1,24.2,Warwickshire,Lancashire,AL Davies,WMH Rhodes,GP Balderson,0,0,,,,,,,,,
1410226,2024,2024-05-24,"Old Trafford, Manchester",1,24.3,Warwickshire,Lancashire,AL Davies,WMH Rhodes,GP Balderson,1,0,,,,,,,,,
1410226,2024,2024-05-24,"Old Trafford, Manchester",1,24.4,Warwickshire,Lancashire,WMH Rhodes,AL Davies,GP Balderson,0,0,,,,,,,,,
1410226,2024,2024-05-24,"Old Trafford, Manchester",1,24.5,Warwickshire,Lancashire,WMH Rhodes,AL Davies,GP Balderson,0,0,,,,,,,,,
1410226,2024,2024-05-24,"Old Trafford, Manchester",1,24.6,Warwickshire,Lancashire,WMH Rhodes,AL Davies,GP Balderson,0,0,,,,,,,,,
1410226,2024,2024-05-24,"Old Trafford, Manchester",1,25.1,Warwickshire,Lancashire,AL Davies,WMH Rhodes,NM Lyon,0,0,,,,,,,,,
1410226,2024,2024-05-24,"Old Trafford, Manchester",1,25.2,Warwickshire,Lancashire,AL Davies,WMH Rhodes,NM Lyon,0,0,,,,,,,,,
1410226,2024,2024-05-24,"Old Trafford, Manchester",1,25.3,Warwickshire,Lancashire,AL Davies,WMH Rhodes,NM Lyon,0,0,,,,,,,,,
1410226,2024,2024-05-24,"Old Trafford, Manchester",1,25.4,Warwickshire,Lancashire,AL Davies,WMH Rhodes,NM Lyon,0,0,,,,,,,,,
1410226,2024,2024-05-24,"Old Trafford, Manchester",1,25.5,Warwickshire,Lancashire,AL Davies,WMH Rhodes,NM Lyon,0,0,,,,,,,,,
1410226,2024,2024-05-24,"Old Trafford, Manchester",1,25.6,Warwickshire,Lancashire,AL Davies,WMH Rhodes,NM Lyon,0,0,,,,,,,,,
1410226,2024,2024-05-24,"Old Trafford, Manchester",1,26.1,Warwickshire,Lancashire,WMH Rhodes,AL Davies,GP Balderson,0,0,,,,,,,,,
1410226,2024,2024-05-24,"Old Trafford, Manchester",1,26.2,Warwickshire,Lancashire,WMH Rhodes,AL Davies,GP Balderson,1,0,,,,,,,,,
1410226,2024,2024-05-24,"Old Trafford, Manchester",1,26.3,Warwickshire,Lancashire,AL Davies,WMH Rhodes,GP Balderson,0,1,,,,1,,,,,
1410226,2024,2024-05-24,"Old Trafford, Manchester",1,26.4,Warwickshire,Lancashire,WMH Rhodes,AL Davies,GP Balderson,0,0,,,,,,,,,
1410226,2024,2024-05-24,"Old Trafford, Manchester",1,26.5,Warwickshire,Lancashire,WMH Rhodes,AL Davies,GP Balderson,0,0,,,,,,,,,
1410226,2024,2024-05-24,"Old Trafford, Manchester",1,26.6,Warwickshire,Lancashire,WMH Rhodes,AL Davies,GP Balderson,0,0,,,,,,,,,
1410226,2024,2024-05-24,"Old Trafford, Manchester",1,27.1,Warwickshire,Lancashire,AL Davies,WMH Rhodes,NM Lyon,0,0,,,,,,,,,
1410226,2024,2024-05-24,"Old Trafford, Manchester",1,27.2,Warwickshire,Lancashire,AL Davies,WMH Rhodes,NM Lyon,0,0,,,,,,,,,
1410226,2024,2024-05-24,"Old Trafford, Manchester",1,27.3,Warwickshire,Lancashire,AL Davies,WMH Rhodes,NM Lyon,0,0,,,,,,,,,
1410226,2024,2024-05-24,"Old Trafford, Manchester",1,27.4,Warwickshire,Lancashire,AL Davies,WMH Rhodes,NM Lyon,0,0,,,,,,,,,
1410226,2024,2024-05-24,"Old Trafford, Manchester",1,27.5,Warwickshire,Lancashire,AL Davies,WMH Rhodes,NM Lyon,0,0,,,,,,,,,
1410226,2024,2024-05-24,"Old Trafford, Manchester",1,27.6,Warwickshire,Lancashire,AL Davies,WMH Rhodes,NM Lyon,1,0,,,,,,,,,
1410226,2024,2024-05-24,"Old Trafford, Manchester",1,28.1,Warwickshire,Lancashire,AL Davies,WMH Rhodes,GP Balderson,0,0,,,,,,,,,
1410226,2024,2024-05-24,"Old Trafford, Manchester",1,28.2,Warwickshire,Lancashire,AL Davies,WMH Rhodes,GP Balderson,0,0,,,,,,,,,
1410226,2024,2024-05-24,"Old Trafford, Manchester",1,28.3,Warwickshire,Lancashire,AL Davies,WMH Rhodes,GP Balderson,0,0,,,,,,,,,
1410226,2024,2024-05-24,"Old Trafford, Manchester",1,28.4,Warwickshire,Lancashire,AL Davies,WMH Rhodes,GP Balderson,0,0,,,,,,,,,
1410226,2024,2024-05-24,"Old Trafford, Manchester",1,28.5,Warwickshire,Lancashire,AL Davies,WMH Rhodes,GP Balderson,4,0,,,,,,,,,
1410226,2024,2024-05-24,"Old Trafford, Manchester",1,28.6,Warwickshire,Lancashire,AL Davies,WMH Rhodes,GP Balderson,0,0,,,,,,,,,
1410226,2024,2024-05-24,"Old Trafford, Manchester",1,29.1,Warwickshire,Lancashire,WMH Rhodes,AL Davies,NM Lyon,0,0,,,,,,,,,
1410226,2024,2024-05-24,"Old Trafford, Manchester",1,29.2,Warwickshire,Lancashire,WMH Rhodes,AL Davies,NM Lyon,0,0,,,,,,,,,
1410226,2024,2024-05-24,"Old Trafford, Manchester",1,29.3,Warwickshire,Lancashire,WMH Rhodes,AL Davies,NM Lyon,0,0,,,,,,,,,
1410226,2024,2024-05-24,"Old Trafford, Manchester",1,29.4,Warwickshire,Lancashire,WMH Rhodes,AL Davies,NM Lyon,0,0,,,,,,,,,
1410226,2024,2024-05-24,"Old Trafford, Manchester",1,29.5,Warwickshire,Lancashire,WMH Rhodes,AL Davies,NM Lyon,0,0,,,,,,,,,
1410226,2024,2024-05-24,"Old Trafford, Manchester",1,29.6,Warwickshire,Lancashire,WMH Rhodes,AL Davies,NM Lyon,0,0,,,,,,,,,
1410226,2024,2024-05-24,"Old Trafford, Manchester",1,30.1,Warwickshire,Lancashire,AL Davies,WMH Rhodes,TE Bailey,0,0,,,,,,,,,
1410226,2024,2024-05-24,"Old Trafford, Manchester",1,30.2,Warwickshire,Lancashire,AL Davies,WMH Rhodes,TE Bailey,0,0,,,,,,,,,
1410226,2024,2024-05-24,"Old Trafford, Manchester",1,30.3,Warwickshire,Lancashire,AL Davies,WMH Rhodes,TE Bailey,0,0,,,,,,,,,
1410226,2024,2024-05-24,"Old Trafford, Manchester",1,30.4,Warwickshire,Lancashire,AL Davies,WMH Rhodes,TE Bailey,0,0,,,,,,,,,
1410226,2024,2024-05-24,"Old Trafford, Manchester",1,30.5,Warwickshire,Lancashire,AL Davies,WMH Rhodes,TE Bailey,0,0,,,,,,,,,
1410226,2024,2024-05-24,"Old Trafford, Manchester",1,30.6,Warwickshire,Lancashire,AL Davies,WMH Rhodes,TE Bailey,0,0,,,,,,,,,
1410226,2024,2024-05-24,"Old Trafford, Manchester",1,31.1,Warwickshire,Lancashire,WMH Rhodes,AL Davies,NM Lyon,0,0,,,,,,,,,
1410226,2024,2024-05-24,"Old Trafford, Manchester",1,31.2,Warwickshire,Lancashire,WMH Rhodes,AL Davies,NM Lyon,1,0,,,,,,,,,
1410226,2024,2024-05-24,"Old Trafford, Manchester",1,31.3,Warwickshire,Lancashire,AL Davies,WMH Rhodes,NM Lyon,0,0,,,,,,,,,
1410226,2024,2024-05-24,"Old Trafford, Manchester",1,31.4,Warwickshire,Lancashire,AL Davies,WMH Rhodes,NM Lyon,0,0,,,,,,,,,
1410226,2024,2024-05-24,"Old Trafford, Manchester",1,31.5,Warwickshire,Lancashire,AL Davies,WMH Rhodes,NM Lyon,0,0,,,,,,,,,
1410226,2024,2024-05-24,"Old Trafford, Manchester",1,31.6,Warwickshire,Lancashire,AL Davies,WMH Rhodes,NM Lyon,0,0,,,,,,,,,
1410226,2024,2024-05-24,"Old Trafford, Manchester",1,32.1,Warwickshire,Lancashire,WMH Rhodes,AL Davies,TE Bailey,0,0,,,,,,,,,
1410226,2024,2024-05-24,"Old Trafford, Manchester",1,32.2,Warwickshire,Lancashire,WMH Rhodes,AL Davies,TE Bailey,0,0,,,,,,caught,WMH Rhodes,,
1410226,2024,2024-05-24,"Old Trafford, Manchester",1,32.3,Warwickshire,Lancashire,EG Barnard,AL Davies,TE Bailey,0,0,,,,,,,,,
1410226,2024,2024-05-24,"Old Trafford, Manchester",1,32.4,Warwickshire,Lancashire,EG Barnard,AL Davies,TE Bailey,0,0,,,,,,,,,
1410226,2024,2024-05-24,"Old Trafford, Manchester",1,32.5,Warwickshire,Lancashire,EG Barnard,AL Davies,TE Bailey,0,0,,,,,,,,,
1410226,2024,2024-05-24,"Old Trafford, Manchester",1,32.6,Warwickshire,Lancashire,EG Barnard,AL Davies,TE Bailey,0,0,,,,,,,,,
1410226,2024,2024-05-24,"Old Trafford, Manchester",1,33.1,Warwickshire,Lancashire,AL Davies,EG Barnard,NM Lyon,1,0,,,,,,,,,
1410226,2024,2024-05-24,"Old Trafford, Manchester",1,33.2,Warwickshire,Lancashire,EG Barnard,AL Davies,NM Lyon,1,0,,,,,,,,,
1410226,2024,2024-05-24,"Old Trafford, Manchester",1,33.3,Warwickshire,Lancashire,AL Davies,EG Barnard,NM Lyon,0,0,,,,,,,,,
1410226,2024,2024-05-24,"Old Trafford, Manchester",1,33.4,Warwickshire,Lancashire,AL Davies,EG Barnard,NM Lyon,0,0,,,,,,,,,
1410226,2024,2024-05-24,"Old Trafford, Manchester",1,33.5,Warwickshire,Lancashire,AL Davies,EG Barnard,NM Lyon,0,0,,,,,,,,,
1410226,2024,2024-05-24,"Old Trafford, Manchester",1,33.6,Warwickshire,Lancashire,AL Davies,EG Barnard,NM Lyon,0,0,,,,,,,,,
1410226,2024,2024-05-24,"Old Trafford, Manchester",1,34.1,Warwickshire,Lancashire,EG Barnard,AL Davies,TE Bailey,0,0,,,,,,,,,
1410226,2024,2024-05-24,"Old Trafford, Manchester",1,34.2,Warwickshire,Lancashire,EG Barnard,AL Davies,TE Bailey,0,0,,,,,,,,,
1410226,2024,2024-05-24,"Old Trafford, Manchester",1,34.3,Warwickshire,Lancashire,EG Barnard,AL Davies,TE Bailey,1,0,,,,,,,,,
1410226,2024,2024-05-24,"Old Trafford, Manchester",1,34.4,Warwickshire,Lancashire,AL Davies,EG Barnard,TE Bailey,1,0,,,,,,,,,
1410226,2024,2024-05-24,"Old Trafford, Manchester",1,34.5,Warwickshire,Lancashire,EG Barnard,AL Davies,TE Bailey,0,0,,,,,,,,,
1410226,2024,2024-05-24,"Old Trafford, Manchester",1,34.6,Warwickshire,Lancashire,EG Barnard,AL Davies,TE Bailey,0,0,,,,,,,,,
1410226,2024,2024-05-24,"Old Trafford, Manchester",1,35.1,Warwickshire,Lancashire,AL Davies,EG Barnard,NM Lyon,0,0,,,,,,,,,
1410226,2024,2024-05-24,"Old Trafford, Manchester",1,35.2,Warwickshire,Lancashire,AL Davies,EG Barnard,NM Lyon,4,0,,,,,,,,,
1410226,2024,2024-05-24,"Old Trafford, Manchester",1,35.3,Warwickshire,Lancashire,AL Davies,EG Barnard,NM Lyon,0,0,,,,,,,,,
1410226,2024,2024-05-24,"Old Trafford, Manchester",1,35.4,Warwickshire,Lancashire,AL Davies,EG Barnard,NM Lyon,0,0,,,,,,,,,
1410226,2024,2024-05-24,"Old Trafford, Manchester",1,35.5,Warwickshire,Lancashire,AL Davies,EG Barnard,NM Lyon,0,0,,,,,,,,,
1410226,2024,2024-05-24,"Old Trafford, Manchester",1,35.6,Warwickshire,Lancashire,AL Davies,EG Barnard,NM Lyon,0,0,,,,,,,,,
1410226,2024,2024-05-24,"Old Trafford, Manchester",1,36.1,Warwickshire,Lancashire,EG Barnard,AL Davies,TE Bailey,0,0,,,,,,,,,
1410226,2024,2024-05-24,"Old Trafford, Manchester",1,36.2,Warwickshire,Lancashire,EG Barnard,AL Davies,TE Bailey,0,0,,,,,,,,,
1410226,2024,2024-05-24,"Old Trafford, Manchester",1,36.3,Warwickshire,Lancashire,EG Barnard,AL Davies,TE Bailey,0,0,,,,,,caught,EG Barnard,,
1410226,2024,2024-05-24,"Old Trafford, Manchester",1,36.4,Warwickshire,Lancashire,DR Mousley,AL Davies,TE Bailey,0,0,,,,,,,,,
1410226,2024,2024-05-24,"Old Trafford, Manchester",1,36.5,Warwickshire,Lancashire,DR Mousley,AL Davies,TE Bailey,0,0,,,,,,,,,
1410226,2024,2024-05-24,"Old Trafford, Manchester",1,36.6,Warwickshire,Lancashire,DR Mousley,AL Davies,TE Bailey,0,0,,,,,,,,,
1410226,2024,2024-05-24,"Old Trafford, Manchester",1,37.1,Warwickshire,Lancashire,AL Davies,DR Mousley,NM Lyon,0,0,,,,,,,,,
1410226,2024,2024-05-24,"Old Trafford, Manchester",1,37.2,Warwickshire,Lancashire,AL Davies,DR Mousley,NM Lyon,0,0,,,,,,,,,
1410226,2024,2024-05-24,"Old Trafford, Manchester",1,37.3,Warwickshire,Lancashire,AL Davies,DR Mousley,NM Lyon,4,0,,,,,,,,,
1410226,2024,2024-05-24,"Old Trafford, Manchester",1,37.4,Warwickshire,Lancashire,AL Davies,DR Mousley,NM Lyon,0,0,,,,,,,,,
1410226,2024,2024-05-24,"Old Trafford, Manchester",1,37.5,Warwickshire,Lancashire,AL Davies,DR Mousley,NM Lyon,1,0,,,,,,,,,
1410226,2024,2024-05-24,"Old Trafford, Manchester",1,37.6,Warwickshire,Lancashire,DR Mousley,AL Davies,NM Lyon,0,0,,,,,,,,,
1410226,2024,2024-05-24,"Old Trafford, Manchester",1,38.1,Warwickshire,Lancashire,AL Davies,DR Mousley,TE Bailey,0,0,,,,,,,,,
1410226,2024,2024-05-24,"Old Trafford, Manchester",1,38.2,Warwickshire,Lancashire,AL Davies,DR Mousley,TE Bailey,1,0,,,,,,,,,
1410226,2024,2024-05-24,"Old Trafford, Manchester",1,38.3,Warwickshire,Lancashire,DR Mousley,AL Davies,TE Bailey,0,0,,,,,,,,,
1410226,2024,2024-05-24,"Old Trafford, Manchester",1,38.4,Warwickshire,Lancashire,DR Mousley,AL Davies,TE Bailey,0,0,,,,,,,,,
1410226,2024,2024-05-24,"Old Trafford, Manchester",1,38.5,Warwickshire,Lancashire,DR Mousley,AL Davies,TE Bailey,1,0,,,,,,,,,
1410226,2024,2024-05-24,"Old Trafford, Manchester",1,38.6,Warwickshire,Lancashire,AL Davies,DR Mousley,TE Bailey,0,0,,,,,,,,,
1410226,2024,2024-05-24,"Old Trafford, Manchester",1,39.1,Warwickshire,Lancashire,DR Mousley,AL Davies,GP Balderson,0,0,,,,,,,,,
1410226,2024,2024-05-24,"Old Trafford, Manchester",1,39.2,Warwickshire,Lancashire,DR Mousley,AL Davies,GP Balderson,0,2,,2,,,,,,,
1410226,2024,2024-05-24,"Old Trafford, Manchester",1,39.3,Warwickshire,Lancashire,DR Mousley,AL Davies,GP Balderson,0,0,,,,,,,,,
1410226,2024,2024-05-24,"Old Trafford, Manchester",1,39.4,Warwickshire,Lancashire,DR Mousley,AL Davies,GP Balderson,0,0,,,,,,,,,
1410226,2024,2024-05-24,"Old Trafford, Manchester",1,39.5,Warwickshire,Lancashire,DR Mousley,AL Davies,GP Balderson,0,0,,,,,,,,,
1410226,2024,2024-05-24,"Old Trafford, Manchester",1,39.6,Warwickshire,Lancashire,DR Mousley,AL Davies,GP Balderson,1,0,,,,,,,,,
1410226,2024,2024-05-24,"Old Trafford, Manchester",1,39.7,Warwickshire,Lancashire,AL Davies,DR Mousley,GP Balderson,1,0,,,,,,,,,
1410226,2024,2024-05-24,"Old Trafford, Manchester",1,40.1,Warwickshire,Lancashire,AL Davies,DR Mousley,TE Bailey,0,0,,,,,,,,,
1410226,2024,2024-05-24,"Old Trafford, Manchester",1,40.2,Warwickshire,Lancashire,AL Davies,DR Mousley,TE Bailey,0,0,,,,,,,,,
1410226,2024,2024-05-24,"Old Trafford, Manchester",1,40.3,Warwickshire,Lancashire,AL Davies,DR Mousley,TE Bailey,0,0,,,,,,,,,
1410226,2024,2024-05-24,"Old Trafford, Manchester",1,40.4,Warwickshire,Lancashire,AL Davies,DR Mousley,TE Bailey,0,0,,,,,,,,,
1410226,2024,2024-05-24,"Old Trafford, Manchester",1,40.5,Warwickshire,Lancashire,AL Davies,DR Mousley,TE Bailey,0,0,,,,,,,,,
1410226,2024,2024-05-24,"Old Trafford, Manchester",1,40.6,Warwickshire,Lancashire,AL Davies,DR Mousley,TE Bailey,0,0,,,,,,,,,
1410226,2024,2024-05-24,"Old Trafford, Manchester",1,41.1,Warwickshire,Lancashire,DR Mousley,AL Davies,GP Balderson,0,0,,,,,,,,,
1410226,2024,2024-05-24,"Old Trafford, Manchester",1,41.2,Warwickshire,Lancashire,DR Mousley,AL Davies,GP Balderson,0,0,,,,,,caught,DR Mousley,,
1410226,2024,2024-05-24,"Old Trafford, Manchester",1,41.3,Warwickshire,Lancashire,JG Bethell,AL Davies,GP Balderson,0,0,,,,,,,,,
1410226,2024,2024-05-24,"Old Trafford, Manchester",1,41.4,Warwickshire,Lancashire,JG Bethell,AL Davies,GP Balderson,0,0,,,,,,,,,
1410226,2024,2024-05-24,"Old Trafford, Manchester",1,41.5,Warwickshire,Lancashire,JG Bethell,AL Davies,GP Balderson,0,0,,,,,,,,,
1410226,2024,2024-05-24,"Old Trafford, Manchester",1,41.6,Warwickshire,Lancashire,JG Bethell,AL Davies,GP Balderson,0,0,,,,,,,,,
1410226,2024,2024-05-24,"Old Trafford, Manchester",1,42.1,Warwickshire,Lancashire,AL Davies,JG Bethell,TE Bailey,0,0,,,,,,,,,
1410226,2024,2024-05-24,"Old Trafford, Manchester",1,42.2,Warwickshire,Lancashire,AL Davies,JG Bethell,TE Bailey,1,0,,,,,,,,,
1410226,2024,2024-05-24,"Old Trafford, Manchester",1,42.3,Warwickshire,Lancashire,JG Bethell,AL Davies,TE Bailey,0,0,,,,,,,,,
1410226,2024,2024-05-24,"Old Trafford, Manchester",1,42.4,Warwickshire,Lancashire,JG Bethell,AL Davies,TE Bailey,0,0,,,,,,,,,
1410226,2024,2024-05-24,"Old Trafford, Manchester",1,42.5,Warwickshire,Lancashire,JG Bethell,AL Davies,TE Bailey,0,0,,,,,,,,,
1410226,2024,2024-05-24,"Old Trafford, Manchester",1,42.6,Warwickshire,Lancashire,JG Bethell,AL Davies,TE Bailey,0,0,,,,,,,,,
1410226,2024,2024-05-24,"Old Trafford, Manchester",1,43.1,Warwickshire,Lancashire,AL Davies,JG Bethell,GP Balderson,0,0,,,,,,,,,
1410226,2024,2024-05-24,"Old Trafford, Manchester",1,43.2,Warwickshire,Lancashire,AL Davies,JG Bethell,GP Balderson,0,0,,,,,,,,,
1410226,2024,2024-05-24,"Old Trafford, Manchester",1,43.3,Warwickshire,Lancashire,AL Davies,JG Bethell,GP Balderson,1,0,,,,,,,,,
1410226,2024,2024-05-24,"Old Trafford, Manchester",1,43.4,Warwickshire,Lancashire,JG Bethell,AL Davies,GP Balderson,4,0,,,,,,,,,
1410226,2024,2024-05-24,"Old Trafford, Manchester",1,43.5,Warwickshire,Lancashire,JG Bethell,AL Davies,GP Balderson,0,0,,,,,,,,,
1410226,2024,2024-05-24,"Old Trafford, Manchester",1,43.6,Warwickshire,Lancashire,JG Bethell,AL Davies,GP Balderson,0,0,,,,,,,,,
1410226,2024,2024-05-24,"Old Trafford, Manchester",1,44.1,Warwickshire,Lancashire,AL Davies,JG Bethell,TE Bailey,0,0,,,,,,,,,
1410226,2024,2024-05-24,"Old Trafford, Manchester",1,44.2,Warwickshire,Lancashire,AL Davies,JG Bethell,TE Bailey,0,0,,,,,,,,,
1410226,2024,2024-05-24,"Old Trafford, Manchester",1,44.3,Warwickshire,Lancashire,AL Davies,JG Bethell,TE Bailey,0,0,,,,,,,,,
1410226,2024,2024-05-24,"Old Trafford, Manchester",1,44.4,Warwickshire,Lancashire,AL Davies,JG Bethell,TE Bailey,0,0,,,,,,,,,
1410226,2024,2024-05-24,"Old Trafford, Manchester",1,44.5,Warwickshire,Lancashire,AL Davies,JG Bethell,TE Bailey,0,0,,,,,,,,,
1410226,2024,2024-05-24,"Old Trafford, Manchester",1,44.6,Warwickshire,Lancashire,AL Davies,JG Bethell,TE Bailey,0,0,,,,,,,,,
1410226,2024,2024-05-24,"Old Trafford, Manchester",1,45.1,Warwickshire,Lancashire,JG Bethell,AL Davies,GP Balderson,1,0,,,,,,,,,
1410226,2024,2024-05-24,"Old Trafford, Manchester",1,45.2,Warwickshire,Lancashire,AL Davies,JG Bethell,GP Balderson,0,0,,,,,,,,,
1410226,2024,2024-05-24,"Old Trafford, Manchester",1,45.3,Warwickshire,Lancashire,AL Davies,JG Bethell,GP Balderson,0,0,,,,,,,,,
1410226,2024,2024-05-24,"Old Trafford, Manchester",1,45.4,Warwickshire,Lancashire,AL Davies,JG Bethell,GP Balderson,0,0,,,,,,,,,
1410226,2024,2024-05-24,"Old Trafford, Manchester",1,45.5,Warwickshire,Lancashire,AL Davies,JG Bethell,GP Balderson,0,0,,,,,,,,,
1410226,2024,2024-05-24,"Old Trafford, Manchester",1,45.6,Warwickshire,Lancashire,AL Davies,JG Bethell,GP Balderson,0,0,,,,,,,,,
1410226,2024,2024-05-24,"Old Trafford, Manchester",1,46.1,Warwickshire,Lancashire,JG Bethell,AL Davies,TE Bailey,0,0,,,,,,,,,
1410226,2024,2024-05-24,"Old Trafford, Manchester",1,46.2,Warwickshire,Lancashire,JG Bethell,AL Davies,TE Bailey,0,0,,,,,,,,,
1410226,2024,2024-05-24,"Old Trafford, Manchester",1,46.3,Warwickshire,Lancashire,JG Bethell,AL Davies,TE Bailey,2,0,,,,,,,,,
1410226,2024,2024-05-24,"Old Trafford, Manchester",1,46.4,Warwickshire,Lancashire,JG Bethell,AL Davies,TE Bailey,1,0,,,,,,,,,
1410226,2024,2024-05-24,"Old Trafford, Manchester",1,46.5,Warwickshire,Lancashire,AL Davies,JG Bethell,TE Bailey,0,0,,,,,,,,,
1410226,2024,2024-05-24,"Old Trafford, Manchester",1,46.6,Warwickshire,Lancashire,AL Davies,JG Bethell,TE Bailey,0,0,,,,,,,,,
1410226,2024,2024-05-24,"Old Trafford, Manchester",1,47.1,Warwickshire,Lancashire,JG Bethell,AL Davies,GP Balderson,0,0,,,,,,,,,
1410226,2024,2024-05-24,"Old Trafford, Manchester",1,47.2,Warwickshire,Lancashire,JG Bethell,AL Davies,GP Balderson,0,0,,,,,,,,,
1410226,2024,2024-05-24,"Old Trafford, Manchester",1,47.3,Warwickshire,Lancashire,JG Bethell,AL Davies,GP Balderson,0,0,,,,,,,,,
1410226,2024,2024-05-24,"Old Trafford, Manchester",1,47.4,Warwickshire,Lancashire,JG Bethell,AL Davies,GP Balderson,0,0,,,,,,,,,
1410226,2024,2024-05-24,"Old Trafford, Manchester",1,47.5,Warwickshire,Lancashire,JG Bethell,AL Davies,GP Balderson,0,0,,,,,,,,,
1410226,2024,2024-05-24,"Old Trafford, Manchester",1,47.6,Warwickshire,Lancashire,JG Bethell,AL Davies,GP Balderson,0,0,,,,,,,,,
1410226,2024,2024-05-24,"Old Trafford, Manchester",1,48.1,Warwickshire,Lancashire,AL Davies,JG Bethell,TH Aspinwall,0,0,,,,,,,,,
1410226,2024,2024-05-24,"Old Trafford, Manchester",1,48.2,Warwickshire,Lancashire,AL Davies,JG Bethell,TH Aspinwall,0,0,,,,,,,,,
1410226,2024,2024-05-24,"Old Trafford, Manchester",1,48.3,Warwickshire,Lancashire,AL Davies,JG Bethell,TH Aspinwall,0,0,,,,,,,,,
1410226,2024,2024-05-24,"Old Trafford, Manchester",1,48.4,Warwickshire,Lancashire,AL Davies,JG Bethell,TH Aspinwall,1,0,,,,,,,,,
1410226,2024,2024-05-24,"Old Trafford, Manchester",1,48.5,Warwickshire,Lancashire,JG Bethell,AL Davies,TH Aspinwall,0,0,,,,,,,,,
1410226,2024,2024-05-24,"Old Trafford, Manchester",1,48.6,Warwickshire,Lancashire,JG Bethell,AL Davies,TH Aspinwall,0,0,,,,,,,,,
1410226,2024,2024-05-24,"Old Trafford, Manchester",1,49.1,Warwickshire,Lancashire,AL Davies,JG Bethell,NM Lyon,0,0,,,,,,,,,
1410226,2024,2024-05-24,"Old Trafford, Manchester",1,49.2,Warwickshire,Lancashire,AL Davies,JG Bethell,NM Lyon,0,0,,,,,,,,,
1410226,2024,2024-05-24,"Old Trafford, Manchester",1,49.3,Warwickshire,Lancashire,AL Davies,JG Bethell,NM Lyon,1,0,,,,,,,,,
1410226,2024,2024-05-24,"Old Trafford, Manchester",1,49.4,Warwickshire,Lancashire,JG Bethell,AL Davies,NM Lyon,0,0,,,,,,,,,
1410226,2024,2024-05-24,"Old Trafford, Manchester",1,49.5,Warwickshire,Lancashire,JG Bethell,AL Davies,NM Lyon,1,0,,,,,,,,,
1410226,2024,2024-05-24,"Old Trafford, Manchester",1,49.6,Warwickshire,Lancashire,AL Davies,JG Bethell,NM Lyon,0,0,,,,,,,,,
1410226,2024,2024-05-24,"Old Trafford, Manchester",1,50.1,Warwickshire,Lancashire,JG Bethell,AL Davies,TH Aspinwall,0,0,,,,,,,,,
1410226,2024,2024-05-24,"Old Trafford, Manchester",1,50.2,Warwickshire,Lancashire,JG Bethell,AL Davies,TH Aspinwall,0,0,,,,,,,,,
1410226,2024,2024-05-24,"Old Trafford, Manchester",1,50.3,Warwickshire,Lancashire,JG Bethell,AL Davies,TH Aspinwall,0,0,,,,,,,,,
1410226,2024,2024-05-24,"Old Trafford, Manchester",1,50.4,Warwickshire,Lancashire,JG Bethell,AL Davies,TH Aspinwall,4,0,,,,,,,,,
1410226,2024,2024-05-24,"Old Trafford, Manchester",1,50.5,Warwickshire,Lancashire,JG Bethell,AL Davies,TH Aspinwall,0,0,,,,,,,,,
1410226,2024,2024-05-24,"Old Trafford, Manchester",1,50.6,Warwickshire,Lancashire,JG Bethell,AL Davies,TH Aspinwall,0,0,,,,,,,,,
1410226,2024,2024-05-24,"Old Trafford, Manchester",1,51.1,Warwickshire,Lancashire,AL Davies,JG Bethell,NM Lyon,0,0,,,,,,,,,
1410226,2024,2024-05-24,"Old Trafford, Manchester",1,51.2,Warwickshire,Lancashire,AL Davies,JG Bethell,NM Lyon,1,0,,,,,,,,,
1410226,2024,2024-05-24,"Old Trafford, Manchester",1,51.3,Warwickshire,Lancashire,JG Bethell,AL Davies,NM Lyon,0,0,,,,,,,,,
1410226,2024,2024-05-24,"Old Trafford, Manchester",1,51.4,Warwickshire,Lancashire,JG Bethell,AL Davies,NM Lyon,0,0,,,,,,,,,
1410226,2024,2024-05-24,"Old Trafford, Manchester",1,51.5,Warwickshire,Lancashire,JG Bethell,AL Davies,NM Lyon,0,0,,,,,,,,,
1410226,2024,2024-05-24,"Old Trafford, Manchester",1,51.6,Warwickshire,Lancashire,JG Bethell,AL Davies,NM Lyon,0,0,,,,,,,,,
1410226,2024,2024-05-24,"Old Trafford, Manchester",1,52.1,Warwickshire,Lancashire,AL Davies,JG Bethell,TH Aspinwall,1,0,,,,,,,,,
1410226,2024,2024-05-24,"Old Trafford, Manchester",1,52.2,Warwickshire,Lancashire,JG Bethell,AL Davies,TH Aspinwall,0,0,,,,,,,,,
1410226,2024,2024-05-24,"Old Trafford, Manchester",1,52.3,Warwickshire,Lancashire,JG Bethell,AL Davies,TH Aspinwall,0,0,,,,,,,,,
1410226,2024,2024-05-24,"Old Trafford, Manchester",1,52.4,Warwickshire,Lancashire,JG Bethell,AL Davies,TH Aspinwall,1,0,,,,,,,,,
1410226,2024,2024-05-24,"Old Trafford, Manchester",1,52.5,Warwickshire,Lancashire,AL Davies,JG Bethell,TH Aspinwall,0,0,,,,,,,,,
1410226,2024,2024-05-24,"Old Trafford, Manchester",1,52.6,Warwickshire,Lancashire,AL Davies,JG Bethell,TH Aspinwall,0,0,,,,,,,,,
1410226,2024,2024-05-24,"Old Trafford, Manchester",1,53.1,Warwickshire,Lancashire,JG Bethell,AL Davies,NM Lyon,1,0,,,,,,,,,
1410226,2024,2024-05-24,"Old Trafford, Manchester",1,53.2,Warwickshire,Lancashire,AL Davies,JG Bethell,NM Lyon,0,0,,,,,,,,,
1410226,2024,2024-05-24,"Old Trafford, Manchester",1,53.3,Warwickshire,Lancashire,AL Davies,JG Bethell,NM Lyon,0,0,,,,,,,,,
1410226,2024,2024-05-24,"Old Trafford, Manchester",1,53.4,Warwickshire,Lancashire,AL Davies,JG Bethell,NM Lyon,0,0,,,,,,,,,
1410226,2024,2024-05-24,"Old Trafford, Manchester",1,53.5,Warwickshire,Lancashire,AL Davies,JG Bethell,NM Lyon,0,0,,,,,,,,,
1410226,2024,2024-05-24,"Old Trafford, Manchester",1,53.6,Warwickshire,Lancashire,AL Davies,JG Bethell,NM Lyon,0,0,,,,,,,,,
1410226,2024,2024-05-24,"Old Trafford, Manchester",1,54.1,Warwickshire,Lancashire,JG Bethell,AL Davies,TH Aspinwall,0,0,,,,,,,,,
1410226,2024,2024-05-24,"Old Trafford, Manchester",1,54.2,Warwickshire,Lancashire,JG Bethell,AL Davies,TH Aspinwall,0,0,,,,,,,,,
1410226,2024,2024-05-24,"Old Trafford, Manchester",1,54.3,Warwickshire,Lancashire,JG Bethell,AL Davies,TH Aspinwall,0,0,,,,,,,,,
1410226,2024,2024-05-24,"Old Trafford, Manchester",1,54.4,Warwickshire,Lancashire,JG Bethell,AL Davies,TH Aspinwall,0,0,,,,,,,,,
1410226,2024,2024-05-24,"Old Trafford, Manchester",1,54.5,Warwickshire,Lancashire,JG Bethell,AL Davies,TH Aspinwall,1,0,,,,,,,,,
1410226,2024,2024-05-24,"Old Trafford, Manchester",1,54.6,Warwickshire,Lancashire,AL Davies,JG Bethell,TH Aspinwall,0,0,,,,,,,,,
1410226,2024,2024-05-24,"Old Trafford, Manchester",1,55.1,Warwickshire,Lancashire,JG Bethell,AL Davies,NM Lyon,0,0,,,,,,,,,
1410226,2024,2024-05-24,"Old Trafford, Manchester",1,55.2,Warwickshire,Lancashire,JG Bethell,AL Davies,NM Lyon,0,0,,,,,,,,,
1410226,2024,2024-05-24,"Old Trafford, Manchester",1,55.3,Warwickshire,Lancashire,JG Bethell,AL Davies,NM Lyon,1,0,,,,,,,,,
1410226,2024,2024-05-24,"Old Trafford, Manchester",1,55.4,Warwickshire,Lancashire,AL Davies,JG Bethell,NM Lyon,0,0,,,,,,,,,
1410226,2024,2024-05-24,"Old Trafford, Manchester",1,55.5,Warwickshire,Lancashire,AL Davies,JG Bethell,NM Lyon,1,0,,,,,,,,,
1410226,2024,2024-05-24,"Old Trafford, Manchester",1,55.6,Warwickshire,Lancashire,JG Bethell,AL Davies,NM Lyon,0,0,,,,,,,,,
1410226,2024,2024-05-24,"Old Trafford, Manchester",1,56.1,Warwickshire,Lancashire,AL Davies,JG Bethell,TH Aspinwall,1,0,,,,,,,,,
1410226,2024,2024-05-24,"Old Trafford, Manchester",1,56.2,Warwickshire,Lancashire,JG Bethell,AL Davies,TH Aspinwall,2,0,,,,,,,,,
1410226,2024,2024-05-24,"Old Trafford, Manchester",1,56.3,Warwickshire,Lancashire,JG Bethell,AL Davies,TH Aspinwall,2,0,,,,,,,,,
1410226,2024,2024-05-24,"Old Trafford, Manchester",1,56.4,Warwickshire,Lancashire,JG Bethell,AL Davies,TH Aspinwall,0,0,,,,,,,,,
1410226,2024,2024-05-24,"Old Trafford, Manchester",1,56.5,Warwickshire,Lancashire,JG Bethell,AL Davies,TH Aspinwall,0,0,,,,,,,,,
1410226,2024,2024-05-24,"Old Trafford, Manchester",1,56.6,Warwickshire,Lancashire,JG Bethell,AL Davies,TH Aspinwall,2,0,,,,,,,,,
1410226,2024,2024-05-24,"Old Trafford, Manchester",1,57.1,Warwickshire,Lancashire,AL Davies,JG Bethell,NM Lyon,0,0,,,,,,,,,
1410226,2024,2024-05-24,"Old Trafford, Manchester",1,57.2,Warwickshire,Lancashire,AL Davies,JG Bethell,NM Lyon,1,0,,,,,,,,,
1410226,2024,2024-05-24,"Old Trafford, Manchester",1,57.3,Warwickshire,Lancashire,JG Bethell,AL Davies,NM Lyon,0,0,,,,,,,,,
1410226,2024,2024-05-24,"Old Trafford, Manchester",1,57.4,Warwickshire,Lancashire,JG Bethell,AL Davies,NM Lyon,1,0,,,,,,,,,
1410226,2024,2024-05-24,"Old Trafford, Manchester",1,57.5,Warwickshire,Lancashire,AL Davies,JG Bethell,NM Lyon,1,0,,,,,,,,,
1410226,2024,2024-05-24,"Old Trafford, Manchester",1,57.6,Warwickshire,Lancashire,JG Bethell,AL Davies,NM Lyon,0,0,,,,,,,,,
1410226,2024,2024-05-24,"Old Trafford, Manchester",1,58.1,Warwickshire,Lancashire,AL Davies,JG Bethell,JP Morley,1,0,,,,,,,,,
1410226,2024,2024-05-24,"Old Trafford, Manchester",1,58.2,Warwickshire,Lancashire,JG Bethell,AL Davies,JP Morley,0,0,,,,,,,,,
1410226,2024,2024-05-24,"Old Trafford, Manchester",1,58.3,Warwickshire,Lancashire,JG Bethell,AL Davies,JP Morley,1,0,,,,,,,,,
1410226,2024,2024-05-24,"Old Trafford, Manchester",1,58.4,Warwickshire,Lancashire,AL Davies,JG Bethell,JP Morley,0,1,,,1,,,,,,
1410226,2024,2024-05-24,"Old Trafford, Manchester",1,58.5,Warwickshire,Lancashire,JG Bethell,AL Davies,JP Morley,0,0,,,,,,,,,
1410226,2024,2024-05-24,"Old Trafford, Manchester",1,58.6,Warwickshire,Lancashire,JG Bethell,AL Davies,JP Morley,0,0,,,,,,,,,
1410226,2024,2024-05-24,"Old Trafford, Manchester",1,59.1,Warwickshire,Lancashire,AL Davies,JG Bethell,NM Lyon,0,0,,,,,,,,,
1410226,2024,2024-05-24,"Old Trafford, Manchester",1,59.2,Warwickshire,Lancashire,AL Davies,JG Bethell,NM Lyon,0,0,,,,,,,,,
1410226,2024,2024-05-24,"Old Trafford, Manchester",1,59.3,Warwickshire,Lancashire,AL Davies,JG Bethell,NM Lyon,0,1,,,,1,,,,,
1410226,2024,2024-05-24,"Old Trafford, Manchester",1,59.4,Warwickshire,Lancashire,JG Bethell,AL Davies,NM Lyon,0,0,,,,,,,,,
1410226,2024,2024-05-24,"Old Trafford, Manchester",1,59.5,Warwickshire,Lancashire,JG Bethell,AL Davies,NM Lyon,0,0,,,,,,,,,
1410226,2024,2024-05-24,"Old Trafford, Manchester",1,59.6,Warwickshire,Lancashire,JG Bethell,AL Davies,NM Lyon,0,0,,,,,,,,,
1410226,2024,2024-05-24,"Old Trafford, Manchester",1,60.1,Warwickshire,Lancashire,AL Davies,JG Bethell,JP Morley,0,0,,,,,,,,,
1410226,2024,2024-05-24,"Old Trafford, Manchester",1,60.2,Warwickshire,Lancashire,AL Davies,JG Bethell,JP Morley,0,0,,,,,,,,,
1410226,2024,2024-05-24,"Old Trafford, Manchester",1,60.3,Warwickshire,Lancashire,AL Davies,JG Bethell,JP Morley,1,0,,,,,,,,,
1410226,2024,2024-05-24,"Old Trafford, Manchester",1,60.4,Warwickshire,Lancashire,JG Bethell,AL Davies,JP Morley,1,0,,,,,,,,,
1410226,2024,2024-05-24,"Old Trafford, Manchester",1,60.5,Warwickshire,Lancashire,AL Davies,JG Bethell,JP Morley,0,0,,,,,,,,,
1410226,2024,2024-05-24,"Old Trafford, Manchester",1,60.6,Warwickshire,Lancashire,AL Davies,JG Bethell,JP Morley,1,0,,,,,,,,,
1410226,2024,2024-05-24,"Old Trafford, Manchester",1,61.1,Warwickshire,Lancashire,AL Davies,JG Bethell,NM Lyon,0,0,,,,,,,,,
1410226,2024,2024-05-24,"Old Trafford, Manchester",1,61.2,Warwickshire,Lancashire,AL Davies,JG Bethell,NM Lyon,1,0,,,,,,,,,
1410226,2024,2024-05-24,"Old Trafford, Manchester",1,61.3,Warwickshire,Lancashire,JG Bethell,AL Davies,NM Lyon,1,0,,,,,,,,,
1410226,2024,2024-05-24,"Old Trafford, Manchester",1,61.4,Warwickshire,Lancashire,AL Davies,JG Bethell,NM Lyon,0,0,,,,,,,,,
1410226,2024,2024-05-24,"Old Trafford, Manchester",1,61.5,Warwickshire,Lancashire,AL Davies,JG Bethell,NM Lyon,0,0,,,,,,,,,
1410226,2024,2024-05-24,"Old Trafford, Manchester",1,61.6,Warwickshire,Lancashire,AL Davies,JG Bethell,NM Lyon,1,0,,,,,,,,,
1410226,2024,2024-05-24,"Old Trafford, Manchester",1,62.1,Warwickshire,Lancashire,AL Davies,JG Bethell,JP Morley,0,0,,,,,,,,,
1410226,2024,2024-05-24,"Old Trafford, Manchester",1,62.2,Warwickshire,Lancashire,AL Davies,JG Bethell,JP Morley,4,0,,,,,,,,,
1410226,2024,2024-05-24,"Old Trafford, Manchester",1,62.3,Warwickshire,Lancashire,AL Davies,JG Bethell,JP Morley,0,0,,,,,,,,,
1410226,2024,2024-05-24,"Old Trafford, Manchester",1,62.4,Warwickshire,Lancashire,AL Davies,JG Bethell,JP Morley,0,0,,,,,,,,,
1410226,2024,2024-05-24,"Old Trafford, Manchester",1,62.5,Warwickshire,Lancashire,AL Davies,JG Bethell,JP Morley,0,0,,,,,,,,,
1410226,2024,2024-05-24,"Old Trafford, Manchester",1,62.6,Warwickshire,Lancashire,AL Davies,JG Bethell,JP Morley,0,0,,,,,,,,,
1410226,2024,2024-05-24,"Old Trafford, Manchester",1,63.1,Warwickshire,Lancashire,JG Bethell,AL Davies,NM Lyon,0,0,,,,,,,,,
1410226,2024,2024-05-24,"Old Trafford, Manchester",1,63.2,Warwickshire,Lancashire,JG Bethell,AL Davies,NM Lyon,2,0,,,,,,,,,
1410226,2024,2024-05-24,"Old Trafford, Manchester",1,63.3,Warwickshire,Lancashire,JG Bethell,AL Davies,NM Lyon,0,0,,,,,,,,,
1410226,2024,2024-05-24,"Old Trafford, Manchester",1,63.4,Warwickshire,Lancashire,JG Bethell,AL Davies,NM Lyon,0,0,,,,,,,,,
1410226,2024,2024-05-24,"Old Trafford, Manchester",1,63.5,Warwickshire,Lancashire,JG Bethell,AL Davies,NM Lyon,2,0,,,,,,,,,
1410226,2024,2024-05-24,"Old Trafford, Manchester",1,63.6,Warwickshire,Lancashire,JG Bethell,AL Davies,NM Lyon,0,0,,,,,,,,,
1410226,2024,2024-05-24,"Old Trafford, Manchester",1,64.1,Warwickshire,Lancashire,AL Davies,JG Bethell,JP Morley,0,0,,,,,,,,,
1410226,2024,2024-05-24,"Old Trafford, Manchester",1,64.2,Warwickshire,Lancashire,AL Davies,JG Bethell,JP Morley,1,0,,,,,,,,,
1410226,2024,2024-05-24,"Old Trafford, Manchester",1,64.3,Warwickshire,Lancashire,JG Bethell,AL Davies,JP Morley,0,0,,,,,,,,,
1410226,2024,2024-05-24,"Old Trafford, Manchester",1,64.4,Warwickshire,Lancashire,JG Bethell,AL Davies,JP Morley,0,0,,,,,,,,,
1410226,2024,2024-05-24,"Old Trafford, Manchester",1,64.5,Warwickshire,Lancashire,JG Bethell,AL Davies,JP Morley,0,0,,,,,,,,,
1410226,2024,2024-05-24,"Old Trafford, Manchester",1,64.6,Warwickshire,Lancashire,JG Bethell,AL Davies,JP Morley,1,0,,,,,,,,,
1410226,2024,2024-05-24,"Old Trafford, Manchester",1,65.1,Warwickshire,Lancashire,JG Bethell,AL Davies,GP Balderson,0,0,,,,,,,,,
1410226,2024,2024-05-24,"Old Trafford, Manchester",1,65.2,Warwickshire,Lancashire,JG Bethell,AL Davies,GP Balderson,0,0,,,,,,,,,
1410226,2024,2024-05-24,"Old Trafford, Manchester",1,65.3,Warwickshire,Lancashire,JG Bethell,AL Davies,GP Balderson,0,0,,,,,,,,,
1410226,2024,2024-05-24,"Old Trafford, Manchester",1,65.4,Warwickshire,Lancashire,JG Bethell,AL Davies,GP Balderson,0,0,,,,,,,,,
1410226,2024,2024-05-24,"Old Trafford, Manchester",1,65.5,Warwickshire,Lancashire,JG Bethell,AL Davies,GP Balderson,0,0,,,,,,,,,
1410226,2024,2024-05-24,"Old Trafford, Manchester",1,65.6,Warwickshire,Lancashire,JG Bethell,AL Davies,GP Balderson,0,0,,,,,,,,,
1410226,2024,2024-05-24,"Old Trafford, Manchester",1,66.1,Warwickshire,Lancashire,AL Davies,JG Bethell,JP Morley,0,0,,,,,,,,,
1410226,2024,2024-05-24,"Old Trafford, Manchester",1,66.2,Warwickshire,Lancashire,AL Davies,JG Bethell,JP Morley,0,0,,,,,,,,,
1410226,2024,2024-05-24,"Old Trafford, Manchester",1,66.3,Warwickshire,Lancashire,AL Davies,JG Bethell,JP Morley,0,0,,,,,,,,,
1410226,2024,2024-05-24,"Old Trafford, Manchester",1,66.4,Warwickshire,Lancashire,AL Davies,JG Bethell,JP Morley,1,0,,,,,,,,,
1410226,2024,2024-05-24,"Old Trafford, Manchester",1,66.5,Warwickshire,Lancashire,JG Bethell,AL Davies,JP Morley,1,0,,,,,,,,,
1410226,2024,2024-05-24,"Old Trafford, Manchester",1,66.6,Warwickshire,Lancashire,AL Davies,JG Bethell,JP Morley,1,0,,,,,,,,,
1410226,2024,2024-05-24,"Old Trafford, Manchester",1,67.1,Warwickshire,Lancashire,AL Davies,JG Bethell,GP Balderson,1,0,,,,,,,,,
1410226,2024,2024-05-24,"Old Trafford, Manchester",1,67.2,Warwickshire,Lancashire,JG Bethell,AL Davies,GP Balderson,0,0,,,,,,,,,
1410226,2024,2024-05-24,"Old Trafford, Manchester",1,67.3,Warwickshire,Lancashire,JG Bethell,AL Davies,GP Balderson,0,0,,,,,,,,,
1410226,2024,2024-05-24,"Old Trafford, Manchester",1,67.4,Warwickshire,Lancashire,JG Bethell,AL Davies,GP Balderson,0,0,,,,,,,,,
1410226,2024,2024-05-24,"Old Trafford, Manchester",1,67.5,Warwickshire,Lancashire,JG Bethell,AL Davies,GP Balderson,0,0,,,,,,,,,
1410226,2024,2024-05-24,"Old Trafford, Manchester",1,67.6,Warwickshire,Lancashire,JG Bethell,AL Davies,GP Balderson,0,2,,2,,,,,,,
1410226,2024,2024-05-24,"Old Trafford, Manchester",1,67.7,Warwickshire,Lancashire,JG Bethell,AL Davies,GP Balderson,0,0,,,,,,,,,
1410226,2024,2024-05-24,"Old Trafford, Manchester",1,68.1,Warwickshire,Lancashire,AL Davies,JG Bethell,JP Morley,1,0,,,,,,,,,
1410226,2024,2024-05-24,"Old Trafford, Manchester",1,68.2,Warwickshire,Lancashire,JG Bethell,AL Davies,JP Morley,1,0,,,,,,,,,
1410226,2024,2024-05-24,"Old Trafford, Manchester",1,68.3,Warwickshire,Lancashire,AL Davies,JG Bethell,JP Morley,0,0,,,,,,,,,
1410226,2024,2024-05-24,"Old Trafford, Manchester",1,68.4,Warwickshire,Lancashire,AL Davies,JG Bethell,JP Morley,0,0,,,,,,,,,
1410226,2024,2024-05-24,"Old Trafford, Manchester",1,68.5,Warwickshire,Lancashire,AL Davies,JG Bethell,JP Morley,0,0,,,,,,,,,
1410226,2024,2024-05-24,"Old Trafford, Manchester",1,68.6,Warwickshire,Lancashire,AL Davies,JG Bethell,JP Morley,0,0,,,,,,,,,
1410226,2024,2024-05-24,"Old Trafford, Manchester",1,69.1,Warwickshire,Lancashire,JG Bethell,AL Davies,GP Balderson,0,0,,,,,,,,,
1410226,2024,2024-05-24,"Old Trafford, Manchester",1,69.2,Warwickshire,Lancashire,JG Bethell,AL Davies,GP Balderson,0,0,,,,,,,,,
1410226,2024,2024-05-24,"Old Trafford, Manchester",1,69.3,Warwickshire,Lancashire,JG Bethell,AL Davies,GP Balderson,1,0,,,,,,,,,
1410226,2024,2024-05-24,"Old Trafford, Manchester",1,69.4,Warwickshire,Lancashire,AL Davies,JG Bethell,GP Balderson,0,0,,,,,,,,,
1410226,2024,2024-05-24,"Old Trafford, Manchester",1,69.5,Warwickshire,Lancashire,AL Davies,JG Bethell,GP Balderson,0,0,,,,,,,,,
1410226,2024,2024-05-24,"Old Trafford, Manchester",1,69.6,Warwickshire,Lancashire,AL Davies,JG Bethell,GP Balderson,1,2,,2,,,,,,,
1410226,2024,2024-05-24,"Old Trafford, Manchester",1,69.7,Warwickshire,Lancashire,JG Bethell,AL Davies,GP Balderson,0,0,,,,,,,,,
1410226,2024,2024-05-24,"Old Trafford, Manchester",1,70.1,Warwickshire,Lancashire,AL Davies,JG Bethell,NM Lyon,0,0,,,,,,,,,
1410226,2024,2024-05-24,"Old Trafford, Manchester",1,70.2,Warwickshire,Lancashire,AL Davies,JG Bethell,NM Lyon,0,0,,,,,,,,,
1410226,2024,2024-05-24,"Old Trafford, Manchester",1,70.3,Warwickshire,Lancashire,AL Davies,JG Bethell,NM Lyon,1,0,,,,,,,,,
1410226,2024,2024-05-24,"Old Trafford, Manchester",1,70.4,Warwickshire,Lancashire,JG Bethell,AL Davies,NM Lyon,0,0,,,,,,,,,
1410226,2024,2024-05-24,"Old Trafford, Manchester",1,70.5,Warwickshire,Lancashire,JG Bethell,AL Davies,NM Lyon,0,0,,,,,,,,,
1410226,2024,2024-05-24,"Old Trafford, Manchester",1,70.6,Warwickshire,Lancashire,JG Bethell,AL Davies,NM Lyon,0,0,,,,,,,,,
1410226,2024,2024-05-24,"Old Trafford, Manchester",1,71.1,Warwickshire,Lancashire,AL Davies,JG Bethell,LWP Wells,1,0,,,,,,,,,
1410226,2024,2024-05-24,"Old Trafford, Manchester",1,71.2,Warwickshire,Lancashire,JG Bethell,AL Davies,LWP Wells,4,0,,,,,,,,,
1410226,2024,2024-05-24,"Old Trafford, Manchester",1,71.3,Warwickshire,Lancashire,JG Bethell,AL Davies,LWP Wells,0,0,,,,,,,,,
1410226,2024,2024-05-24,"Old Trafford, Manchester",1,71.4,Warwickshire,Lancashire,JG Bethell,AL Davies,LWP Wells,1,0,,,,,,,,,
1410226,2024,2024-05-24,"Old Trafford, Manchester",1,71.5,Warwickshire,Lancashire,AL Davies,JG Bethell,LWP Wells,0,0,,,,,,,,,
1410226,2024,2024-05-24,"Old Trafford, Manchester",1,71.6,Warwickshire,Lancashire,AL Davies,JG Bethell,LWP Wells,0,0,,,,,,,,,
1410226,2024,2024-05-24,"Old Trafford, Manchester",1,72.1,Warwickshire,Lancashire,JG Bethell,AL Davies,NM Lyon,0,0,,,,,,,,,
1410226,2024,2024-05-24,"Old Trafford, Manchester",1,72.2,Warwickshire,Lancashire,JG Bethell,AL Davies,NM Lyon,0,0,,,,,,,,,
1410226,2024,2024-05-24,"Old Trafford, Manchester",1,72.3,Warwickshire,Lancashire,JG Bethell,AL Davies,NM Lyon,0,0,,,,,,,,,
1410226,2024,2024-05-24,"Old Trafford, Manchester",1,72.4,Warwickshire,Lancashire,JG Bethell,AL Davies,NM Lyon,0,0,,,,,,,,,
1410226,2024,2024-05-24,"Old Trafford, Manchester",1,72.5,Warwickshire,Lancashire,JG Bethell,AL Davies,NM Lyon,0,0,,,,,,,,,
1410226,2024,2024-05-24,"Old Trafford, Manchester",1,72.6,Warwickshire,Lancashire,JG Bethell,AL Davies,NM Lyon,0,0,,,,,,,,,
1410226,2024,2024-05-24,"Old Trafford, Manchester",1,73.1,Warwickshire,Lancashire,AL Davies,JG Bethell,JP Morley,0,0,,,,,,,,,
1410226,2024,2024-05-24,"Old Trafford, Manchester",1,73.2,Warwickshire,Lancashire,AL Davies,JG Bethell,JP Morley,1,0,,,,,,,,,
1410226,2024,2024-05-24,"Old Trafford, Manchester",1,73.3,Warwickshire,Lancashire,JG Bethell,AL Davies,JP Morley,0,0,,,,,,lbw,JG Bethell,,
1410226,2024,2024-05-24,"Old Trafford, Manchester",1,73.4,Warwickshire,Lancashire,MGK Burgess,AL Davies,JP Morley,0,0,,,,,,,,,
1410226,2024,2024-05-24,"Old Trafford, Manchester",1,73.5,Warwickshire,Lancashire,MGK Burgess,AL Davies,JP Morley,0,0,,,,,,,,,
1410226,2024,2024-05-24,"Old Trafford, Manchester",1,73.6,Warwickshire,Lancashire,MGK Burgess,AL Davies,JP Morley,1,0,,,,,,,,,
1410226,2024,2024-05-24,"Old Trafford, Manchester",1,74.1,Warwickshire,Lancashire,MGK Burgess,AL Davies,NM Lyon,0,0,,,,,,,,,
1410226,2024,2024-05-24,"Old Trafford, Manchester",1,74.2,Warwickshire,Lancashire,MGK Burgess,AL Davies,NM Lyon,1,0,,,,,,,,,
1410226,2024,2024-05-24,"Old Trafford, Manchester",1,74.3,Warwickshire,Lancashire,AL Davies,MGK Burgess,NM Lyon,1,0,,,,,,,,,
1410226,2024,2024-05-24,"Old Trafford, Manchester",1,74.4,Warwickshire,Lancashire,MGK Burgess,AL Davies,NM Lyon,1,0,,,,,,,,,
1410226,2024,2024-05-24,"Old Trafford, Manchester",1,74.5,Warwickshire,Lancashire,AL Davies,MGK Burgess,NM Lyon,0,0,,,,,,,,,
1410226,2024,2024-05-24,"Old Trafford, Manchester",1,74.6,Warwickshire,Lancashire,AL Davies,MGK Burgess,NM Lyon,0,0,,,,,,,,,
1410226,2024,2024-05-24,"Old Trafford, Manchester",1,75.1,Warwickshire,Lancashire,MGK Burgess,AL Davies,JP Morley,0,0,,,,,,,,,
1410226,2024,2024-05-24,"Old Trafford, Manchester",1,75.2,Warwickshire,Lancashire,MGK Burgess,AL Davies,JP Morley,0,0,,,,,,,,,
1410226,2024,2024-05-24,"Old Trafford, Manchester",1,75.3,Warwickshire,Lancashire,MGK Burgess,AL Davies,JP Morley,1,0,,,,,,,,,
1410226,2024,2024-05-24,"Old Trafford, Manchester",1,75.4,Warwickshire,Lancashire,AL Davies,MGK Burgess,JP Morley,0,0,,,,,,,,,
1410226,2024,2024-05-24,"Old Trafford, Manchester",1,75.5,Warwickshire,Lancashire,AL Davies,MGK Burgess,JP Morley,0,0,,,,,,,,,
1410226,2024,2024-05-24,"Old Trafford, Manchester",1,75.6,Warwickshire,Lancashire,AL Davies,MGK Burgess,JP Morley,0,0,,,,,,,,,
1410226,2024,2024-05-24,"Old Trafford, Manchester",1,76.1,Warwickshire,Lancashire,MGK Burgess,AL Davies,NM Lyon,0,0,,,,,,,,,
1410226,2024,2024-05-24,"Old Trafford, Manchester",1,76.2,Warwickshire,Lancashire,MGK Burgess,AL Davies,NM Lyon,0,0,,,,,,,,,
1410226,2024,2024-05-24,"Old Trafford, Manchester",1,76.3,Warwickshire,Lancashire,MGK Burgess,AL Davies,NM Lyon,0,0,,,,,,,,,
1410226,2024,2024-05-24,"Old Trafford, Manchester",1,76.4,Warwickshire,Lancashire,MGK Burgess,AL Davies,NM Lyon,0,0,,,,,,,,,
1410226,2024,2024-05-24,"Old Trafford, Manchester",1,76.5,Warwickshire,Lancashire,MGK Burgess,AL Davies,NM Lyon,0,0,,,,,,,,,
1410226,2024,2024-05-24,"Old Trafford, Manchester",1,76.6,Warwickshire,Lancashire,MGK Burgess,AL Davies,NM Lyon,1,0,,,,,,,,,
1410226,2024,2024-05-24,"Old Trafford, Manchester",1,77.1,Warwickshire,Lancashire,MGK Burgess,AL Davies,JP Morley,1,0,,,,,,,,,
1410226,2024,2024-05-24,"Old Trafford, Manchester",1,77.2,Warwickshire,Lancashire,AL Davies,MGK Burgess,JP Morley,0,0,,,,,,,,,
1410226,2024,2024-05-24,"Old Trafford, Manchester",1,77.3,Warwickshire,Lancashire,AL Davies,MGK Burgess,JP Morley,1,0,,,,,,,,,
1410226,2024,2024-05-24,"Old Trafford, Manchester",1,77.4,Warwickshire,Lancashire,MGK Burgess,AL Davies,JP Morley,0,0,,,,,,,,,
1410226,2024,2024-05-24,"Old Trafford, Manchester",1,77.5,Warwickshire,Lancashire,MGK Burgess,AL Davies,JP Morley,1,0,,,,,,,,,
1410226,2024,2024-05-24,"Old Trafford, Manchester",1,77.6,Warwickshire,Lancashire,AL Davies,MGK Burgess,JP Morley,4,0,,,,,,,,,
1410226,2024,2024-05-24,"Old Trafford, Manchester",1,78.1,Warwickshire,Lancashire,MGK Burgess,AL Davies,NM Lyon,0,0,,,,,,,,,
1410226,2024,2024-05-24,"Old Trafford, Manchester",1,78.2,Warwickshire,Lancashire,MGK Burgess,AL Davies,NM Lyon,0,0,,,,,,,,,
1410226,2024,2024-05-24,"Old Trafford, Manchester",1,78.3,Warwickshire,Lancashire,MGK Burgess,AL Davies,NM Lyon,0,0,,,,,,,,,
1410226,2024,2024-05-24,"Old Trafford, Manchester",1,78.4,Warwickshire,Lancashire,MGK Burgess,AL Davies,NM Lyon,0,0,,,,,,,,,
1410226,2024,2024-05-24,"Old Trafford, Manchester",1,78.5,Warwickshire,Lancashire,MGK Burgess,AL Davies,NM Lyon,1,0,,,,,,,,,
1410226,2024,2024-05-24,"Old Trafford, Manchester",1,78.6,Warwickshire,Lancashire,AL Davies,MGK Burgess,NM Lyon,0,0,,,,,,,,,
1410226,2024,2024-05-24,"Old Trafford, Manchester",1,79.1,Warwickshire,Lancashire,MGK Burgess,AL Davies,JP Morley,0,0,,,,,,,,,
1410226,2024,2024-05-24,"Old Trafford, Manchester",1,79.2,Warwickshire,Lancashire,MGK Burgess,AL Davies,JP Morley,0,0,,,,,,,,,
1410226,2024,2024-05-24,"Old Trafford, Manchester",1,79.3,Warwickshire,Lancashire,MGK Burgess,AL Davies,JP Morley,0,0,,,,,,,,,
1410226,2024,2024-05-24,"Old Trafford, Manchester",1,79.4,Warwickshire,Lancashire,MGK Burgess,AL Davies,JP Morley,0,0,,,,,,,,,
1410226,2024,2024-05-24,"Old Trafford, Manchester",1,79.5,Warwickshire,Lancashire,MGK Burgess,AL Davies,JP Morley,0,0,,,,,,,,,
1410226,2024,2024-05-24,"Old Trafford, Manchester",1,79.6,Warwickshire,Lancashire,MGK Burgess,AL Davies,JP Morley,0,0,,,,,,,,,
1410226,2024,2024-05-24,"Old Trafford, Manchester",1,80.1,Warwickshire,Lancashire,AL Davies,MGK Burgess,TE Bailey,0,0,,,,,,,,,
1410226,2024,2024-05-24,"Old Trafford, Manchester",1,80.2,Warwickshire,Lancashire,AL Davies,MGK Burgess,TE Bailey,0,0,,,,,,,,,
1410226,2024,2024-05-24,"Old Trafford, Manchester",1,80.3,Warwickshire,Lancashire,AL Davies,MGK Burgess,TE Bailey,0,0,,,,,,,,,
1410226,2024,2024-05-24,"Old Trafford, Manchester",1,80.4,Warwickshire,Lancashire,AL Davies,MGK Burgess,TE Bailey,0,0,,,,,,,,,
1410226,2024,2024-05-24,"Old Trafford, Manchester",1,80.5,Warwickshire,Lancashire,AL Davies,MGK Burgess,TE Bailey,0,0,,,,,,,,,
1410226,2024,2024-05-24,"Old Trafford, Manchester",1,80.6,Warwickshire,Lancashire,AL Davies,MGK Burgess,TE Bailey,1,0,,,,,,,,,
1410226,2024,2024-05-24,"Old Trafford, Manchester",1,81.1,Warwickshire,Lancashire,AL Davies,MGK Burgess,GP Balderson,0,0,,,,,,,,,
1410226,2024,2024-05-24,"Old Trafford, Manchester",1,81.2,Warwickshire,Lancashire,AL Davies,MGK Burgess,GP Balderson,3,0,,,,,,,,,
1410226,2024,2024-05-24,"Old Trafford, Manchester",1,81.3,Warwickshire,Lancashire,MGK Burgess,AL Davies,GP Balderson,0,0,,,,,,,,,
1410226,2024,2024-05-24,"Old Trafford, Manchester",1,81.4,Warwickshire,Lancashire,MGK Burgess,AL Davies,GP Balderson,0,0,,,,,,,,,
1410226,2024,2024-05-24,"Old Trafford, Manchester",1,81.5,Warwickshire,Lancashire,MGK Burgess,AL Davies,GP Balderson,0,0,,,,,,,,,
1410226,2024,2024-05-24,"Old Trafford, Manchester",1,81.6,Warwickshire,Lancashire,MGK Burgess,AL Davies,GP Balderson,0,0,,,,,,,,,
1410226,2024,2024-05-24,"Old Trafford, Manchester",1,82.1,Warwickshire,Lancashire,AL Davies,MGK Burgess,TE Bailey,0,0,,,,,,,,,
1410226,2024,2024-05-24,"Old Trafford, Manchester",1,82.2,Warwickshire,Lancashire,AL Davies,MGK Burgess,TE Bailey,0,0,,,,,,,,,
1410226,2024,2024-05-24,"Old Trafford, Manchester",1,82.3,Warwickshire,Lancashire,AL Davies,MGK Burgess,TE Bailey,0,0,,,,,,,,,
1410226,2024,2024-05-24,"Old Trafford, Manchester",1,82.4,Warwickshire,Lancashire,AL Davies,MGK Burgess,TE Bailey,1,0,,,,,,,,,
1410226,2024,2024-05-24,"Old Trafford, Manchester",1,82.5,Warwickshire,Lancashire,MGK Burgess,AL Davies,TE Bailey,0,0,,,,,,,,,
1410226,2024,2024-05-24,"Old Trafford, Manchester",1,82.6,Warwickshire,Lancashire,MGK Burgess,AL Davies,TE Bailey,4,0,,,,,,,,,
1410226,2024,2024-05-24,"Old Trafford, Manchester",1,83.1,Warwickshire,Lancashire,AL Davies,MGK Burgess,GP Balderson,0,0,,,,,,,,,
1410226,2024,2024-05-24,"Old Trafford, Manchester",1,83.2,Warwickshire,Lancashire,AL Davies,MGK Burgess,GP Balderson,0,0,,,,,,,,,
1410226,2024,2024-05-24,"Old Trafford, Manchester",1,83.3,Warwickshire,Lancashire,AL Davies,MGK Burgess,GP Balderson,1,0,,,,,,,,,
1410226,2024,2024-05-24,"Old Trafford, Manchester",1,83.4,Warwickshire,Lancashire,MGK Burgess,AL Davies,GP Balderson,0,0,,,,,,,,,
1410226,2024,2024-05-24,"Old Trafford, Manchester",1,83.5,Warwickshire,Lancashire,MGK Burgess,AL Davies,GP Balderson,3,0,,,,,,,,,
1410226,2024,2024-05-24,"Old Trafford, Manchester",1,83.6,Warwickshire,Lancashire,AL Davies,MGK Burgess,GP Balderson,2,0,,,,,,,,,
1410226,2024,2024-05-24,"Old Trafford, Manchester",1,84.1,Warwickshire,Lancashire,MGK Burgess,AL Davies,TE Bailey,0,0,,,,,,,,,
1410226,2024,2024-05-24,"Old Trafford, Manchester",1,84.2,Warwickshire,Lancashire,MGK Burgess,AL Davies,TE Bailey,0,0,,,,,,,,,
1410226,2024,2024-05-24,"Old Trafford, Manchester",1,84.3,Warwickshire,Lancashire,MGK Burgess,AL Davies,TE Bailey,0,0,,,,,,,,,
1410226,2024,2024-05-24,"Old Trafford, Manchester",1,84.4,Warwickshire,Lancashire,MGK Burgess,AL Davies,TE Bailey,0,0,,,,,,,,,
1410226,2024,2024-05-24,"Old Trafford, Manchester",1,84.5,Warwickshire,Lancashire,MGK Burgess,AL Davies,TE Bailey,4,0,,,,,,,,,
1410226,2024,2024-05-24,"Old Trafford, Manchester",1,84.6,Warwickshire,Lancashire,MGK Burgess,AL Davies,TE Bailey,4,0,,,,,,,,,
1410226,2024,2024-05-24,"Old Trafford, Manchester",1,85.1,Warwickshire,Lancashire,AL Davies,MGK Burgess,GP Balderson,0,0,,,,,,,,,
1410226,2024,2024-05-24,"Old Trafford, Manchester",1,85.2,Warwickshire,Lancashire,AL Davies,MGK Burgess,GP Balderson,1,0,,,,,,,,,
1410226,2024,2024-05-24,"Old Trafford, Manchester",1,85.3,Warwickshire,Lancashire,MGK Burgess,AL Davies,GP Balderson,1,0,,,,,,,,,
1410226,2024,2024-05-24,"Old Trafford, Manchester",1,85.4,Warwickshire,Lancashire,AL Davies,MGK Burgess,GP Balderson,1,0,,,,,,,,,
1410226,2024,2024-05-24,"Old Trafford, Manchester",1,85.5,Warwickshire,Lancashire,MGK Burgess,AL Davies,GP Balderson,0,2,,2,,,,,,,
1410226,2024,2024-05-24,"Old Trafford, Manchester",1,85.6,Warwickshire,Lancashire,MGK Burgess,AL Davies,GP Balderson,0,0,,,,,,,,,
1410226,2024,2024-05-24,"Old Trafford, Manchester",1,85.7,Warwickshire,Lancashire,MGK Burgess,AL Davies,GP Balderson,0,0,,,,,,lbw,MGK Burgess,,
1410226,2024,2024-05-24,"Old Trafford, Manchester",1,86.1,Warwickshire,Lancashire,AL Davies,JB Lintott,TE Bailey,1,0,,,,,,,,,
1410226,2024,2024-05-24,"Old Trafford, Manchester",1,86.2,Warwickshire,Lancashire,JB Lintott,AL Davies,TE Bailey,0,0,,,,,,,,,
1410226,2024,2024-05-24,"Old Trafford, Manchester",1,86.3,Warwickshire,Lancashire,JB Lintott,AL Davies,TE Bailey,0,0,,,,,,,,,
1410226,2024,2024-05-24,"Old Trafford, Manchester",1,86.4,Warwickshire,Lancashire,JB Lintott,AL Davies,TE Bailey,0,0,,,,,,,,,
1410226,2024,2024-05-24,"Old Trafford, Manchester",1,86.5,Warwickshire,Lancashire,JB Lintott,AL Davies,TE Bailey,0,0,,,,,,,,,
1410226,2024,2024-05-24,"Old Trafford, Manchester",1,86.6,Warwickshire,Lancashire,JB Lintott,AL Davies,TE Bailey,0,0,,,,,,,,,
1410226,2024,2024-05-24,"Old Trafford, Manchester",1,87.1,Warwickshire,Lancashire,AL Davies,JB Lintott,GP Balderson,1,0,,,,,,,,,
1410226,2024,2024-05-24,"Old Trafford, Manchester",1,87.2,Warwickshire,Lancashire,JB Lintott,AL Davies,GP Balderson,0,0,,,,,,,,,
1410226,2024,2024-05-24,"Old Trafford, Manchester",1,87.3,Warwickshire,Lancashire,JB Lintott,AL Davies,GP Balderson,2,0,,,,,,,,,
1410226,2024,2024-05-24,"Old Trafford, Manchester",1,87.4,Warwickshire,Lancashire,JB Lintott,AL Davies,GP Balderson,0,0,,,,,,,,,
1410226,2024,2024-05-24,"Old Trafford, Manchester",1,87.5,Warwickshire,Lancashire,JB Lintott,AL Davies,GP Balderson,0,0,,,,,,,,,
1410226,2024,2024-05-24,"Old Trafford, Manchester",1,87.6,Warwickshire,Lancashire,JB Lintott,AL Davies,GP Balderson,0,0,,,,,,,,,
1410226,2024,2024-05-24,"Old Trafford, Manchester",1,88.1,Warwickshire,Lancashire,AL Davies,JB Lintott,TE Bailey,1,0,,,,,,,,,
1410226,2024,2024-05-24,"Old Trafford, Manchester",1,88.2,Warwickshire,Lancashire,JB Lintott,AL Davies,TE Bailey,0,0,,,,,,,,,
1410226,2024,2024-05-24,"Old Trafford, Manchester",1,88.3,Warwickshire,Lancashire,JB Lintott,AL Davies,TE Bailey,0,0,,,,,,,,,
1410226,2024,2024-05-24,"Old Trafford, Manchester",1,88.4,Warwickshire,Lancashire,JB Lintott,AL Davies,TE Bailey,0,0,,,,,,,,,
1410226,2024,2024-05-24,"Old Trafford, Manchester",1,88.5,Warwickshire,Lancashire,JB Lintott,AL Davies,TE Bailey,0,0,,,,,,,,,
1410226,2024,2024-05-24,"Old Trafford, Manchester",1,88.6,Warwickshire,Lancashire,JB Lintott,AL Davies,TE Bailey,1,0,,,,,,,,,
1410226,2024,2024-05-24,"Old Trafford, Manchester",1,89.1,Warwickshire,Lancashire,JB Lintott,AL Davies,NM Lyon,0,0,,,,,,,,,
1410226,2024,2024-05-24,"Old Trafford, Manchester",1,89.2,Warwickshire,Lancashire,JB Lintott,AL Davies,NM Lyon,0,0,,,,,,,,,
1410226,2024,2024-05-24,"Old Trafford, Manchester",1,89.3,Warwickshire,Lancashire,JB Lintott,AL Davies,NM Lyon,0,0,,,,,,,,,
1410226,2024,2024-05-24,"Old Trafford, Manchester",1,89.4,Warwickshire,Lancashire,JB Lintott,AL Davies,NM Lyon,0,0,,,,,,,,,
1410226,2024,2024-05-24,"Old Trafford, Manchester",1,89.5,Warwickshire,Lancashire,JB Lintott,AL Davies,NM Lyon,0,0,,,,,,,,,
1410226,2024,2024-05-24,"Old Trafford, Manchester",1,89.6,Warwickshire,Lancashire,JB Lintott,AL Davies,NM Lyon,0,0,,,,,,,,,
1410226,2024,2024-05-24,"Old Trafford, Manchester",1,90.1,Warwickshire,Lancashire,AL Davies,JB Lintott,TE Bailey,0,0,,,,,,,,,
1410226,2024,2024-05-24,"Old Trafford, Manchester",1,90.2,Warwickshire,Lancashire,AL Davies,JB Lintott,TE Bailey,0,0,,,,,,,,,
1410226,2024,2024-05-24,"Old Trafford, Manchester",1,90.3,Warwickshire,Lancashire,AL Davies,JB Lintott,TE Bailey,0,0,,,,,,,,,
1410226,2024,2024-05-24,"Old Trafford, Manchester",1,90.4,Warwickshire,Lancashire,AL Davies,JB Lintott,TE Bailey,1,0,,,,,,,,,
1410226,2024,2024-05-24,"Old Trafford, Manchester",1,90.5,Warwickshire,Lancashire,JB Lintott,AL Davies,TE Bailey,0,0,,,,,,,,,
1410226,2024,2024-05-24,"Old Trafford, Manchester",1,90.6,Warwickshire,Lancashire,JB Lintott,AL Davies,TE Bailey,0,0,,,,,,,,,
1410226,2024,2024-05-24,"Old Trafford, Manchester",1,91.1,Warwickshire,Lancashire,AL Davies,JB Lintott,NM Lyon,0,0,,,,,,,,,
1410226,2024,2024-05-24,"Old Trafford, Manchester",1,91.2,Warwickshire,Lancashire,AL Davies,JB Lintott,NM Lyon,0,0,,,,,,,,,
1410226,2024,2024-05-24,"Old Trafford, Manchester",1,91.3,Warwickshire,Lancashire,AL Davies,JB Lintott,NM Lyon,0,0,,,,,,,,,
1410226,2024,2024-05-24,"Old Trafford, Manchester",1,91.4,Warwickshire,Lancashire,AL Davies,JB Lintott,NM Lyon,0,0,,,,,,,,,
1410226,2024,2024-05-24,"Old Trafford, Manchester",1,91.5,Warwickshire,Lancashire,AL Davies,JB Lintott,NM Lyon,0,0,,,,,,,,,
1410226,2024,2024-05-24,"Old Trafford, Manchester",1,91.6,Warwickshire,Lancashire,AL Davies,JB Lintott,NM Lyon,0,0,,,,,,,,,
1410226,2024,2024-05-24,"Old Trafford, Manchester",1,92.1,Warwickshire,Lancashire,JB Lintott,AL Davies,TE Bailey,0,0,,,,,,,,,
1410226,2024,2024-05-24,"Old Trafford, Manchester",1,92.2,Warwickshire,Lancashire,JB Lintott,AL Davies,TE Bailey,0,0,,,,,,,,,
1410226,2024,2024-05-24,"Old Trafford, Manchester",1,92.3,Warwickshire,Lancashire,JB Lintott,AL Davies,TE Bailey,1,0,,,,,,,,,
1410226,2024,2024-05-24,"Old Trafford, Manchester",1,92.4,Warwickshire,Lancashire,AL Davies,JB Lintott,TE Bailey,0,0,,,,,,,,,
1410226,2024,2024-05-24,"Old Trafford, Manchester",1,92.5,Warwickshire,Lancashire,AL Davies,JB Lintott,TE Bailey,0,0,,,,,,,,,
1410226,2024,2024-05-24,"Old Trafford, Manchester",1,92.6,Warwickshire,Lancashire,AL Davies,JB Lintott,TE Bailey,1,0,,,,,,,,,
1410226,2024,2024-05-24,"Old Trafford, Manchester",1,93.1,Warwickshire,Lancashire,AL Davies,JB Lintott,NM Lyon,0,1,,,,1,,,,,
1410226,2024,2024-05-24,"Old Trafford, Manchester",1,93.2,Warwickshire,Lancashire,JB Lintott,AL Davies,NM Lyon,0,0,,,,,,,,,
1410226,2024,2024-05-24,"Old Trafford, Manchester",1,93.3,Warwickshire,Lancashire,JB Lintott,AL Davies,NM Lyon,0,0,,,,,,,,,
1410226,2024,2024-05-24,"Old Trafford, Manchester",1,93.4,Warwickshire,Lancashire,JB Lintott,AL Davies,NM Lyon,0,0,,,,,,,,,
1410226,2024,2024-05-24,"Old Trafford, Manchester",1,93.5,Warwickshire,Lancashire,JB Lintott,AL Davies,NM Lyon,0,0,,,,,,,,,
1410226,2024,2024-05-24,"Old Trafford, Manchester",1,93.6,Warwickshire,Lancashire,JB Lintott,AL Davies,NM Lyon,4,0,,,,,,,,,
1410226,2024,2024-05-24,"Old Trafford, Manchester",1,94.1,Warwickshire,Lancashire,AL Davies,JB Lintott,GP Balderson,0,0,,,,,,,,,
1410226,2024,2024-05-24,"Old Trafford, Manchester",1,94.2,Warwickshire,Lancashire,AL Davies,JB Lintott,GP Balderson,1,0,,,,,,,,,
1410226,2024,2024-05-24,"Old Trafford, Manchester",1,94.3,Warwickshire,Lancashire,JB Lintott,AL Davies,GP Balderson,0,0,,,,,,,,,
1410226,2024,2024-05-24,"Old Trafford, Manchester",1,94.4,Warwickshire,Lancashire,JB Lintott,AL Davies,GP Balderson,0,0,,,,,,,,,
1410226,2024,2024-05-24,"Old Trafford, Manchester",1,94.5,Warwickshire,Lancashire,JB Lintott,AL Davies,GP Balderson,0,0,,,,,,,,,
1410226,2024,2024-05-24,"Old Trafford, Manchester",1,94.6,Warwickshire,Lancashire,JB Lintott,AL Davies,GP Balderson,0,0,,,,,,,,,
1410226,2024,2024-05-24,"Old Trafford, Manchester",1,95.1,Warwickshire,Lancashire,AL Davies,JB Lintott,NM Lyon,0,0,,,,,,,,,
1410226,2024,2024-05-24,"Old Trafford, Manchester",1,95.2,Warwickshire,Lancashire,AL Davies,JB Lintott,NM Lyon,0,0,,,,,,,,,
1410226,2024,2024-05-24,"Old Trafford, Manchester",1,95.3,Warwickshire,Lancashire,AL Davies,JB Lintott,NM Lyon,1,0,,,,,,,,,
1410226,2024,2024-05-24,"Old Trafford, Manchester",1,95.4,Warwickshire,Lancashire,JB Lintott,AL Davies,NM Lyon,1,0,,,,,,,,,
1410226,2024,2024-05-24,"Old Trafford, Manchester",1,95.5,Warwickshire,Lancashire,AL Davies,JB Lintott,NM Lyon,4,0,,,,,,,,,
1410226,2024,2024-05-24,"Old Trafford, Manchester",1,95.6,Warwickshire,Lancashire,AL Davies,JB Lintott,NM Lyon,0,0,,,,,,,,,
1410226,2024,2024-05-24,"Old Trafford, Manchester",1,96.1,Warwickshire,Lancashire,JB Lintott,AL Davies,GP Balderson,0,0,,,,,,,,,
1410226,2024,2024-05-24,"Old Trafford, Manchester",1,96.2,Warwickshire,Lancashire,JB Lintott,AL Davies,GP Balderson,0,0,,,,,,,,,
1410226,2024,2024-05-24,"Old Trafford, Manchester",1,96.3,Warwickshire,Lancashire,JB Lintott,AL Davies,GP Balderson,0,0,,,,,,,,,
1410226,2024,2024-05-24,"Old Trafford, Manchester",1,96.4,Warwickshire,Lancashire,JB Lintott,AL Davies,GP Balderson,0,0,,,,,,,,,
1410226,2024,2024-05-24,"Old Trafford, Manchester",1,96.5,Warwickshire,Lancashire,JB Lintott,AL Davies,GP Balderson,0,0,,,,,,,,,
1410226,2024,2024-05-24,"Old Trafford, Manchester",1,96.6,Warwickshire,Lancashire,JB Lintott,AL Davies,GP Balderson,0,0,,,,,,,,,
1410226,2024,2024-05-24,"Old Trafford, Manchester",1,97.1,Warwickshire,Lancashire,AL Davies,JB Lintott,NM Lyon,1,0,,,,,,,,,
1410226,2024,2024-05-24,"Old Trafford, Manchester",1,97.2,Warwickshire,Lancashire,JB Lintott,AL Davies,NM Lyon,0,0,,,,,,caught,JB Lintott,,
1410226,2024,2024-05-24,"Old Trafford, Manchester",1,97.3,Warwickshire,Lancashire,Hasan Ali,AL Davies,NM Lyon,0,0,,,,,,,,,
1410226,2024,2024-05-24,"Old Trafford, Manchester",1,97.4,Warwickshire,Lancashire,Hasan Ali,AL Davies,NM Lyon,0,0,,,,,,,,,
1410226,2024,2024-05-24,"Old Trafford, Manchester",1,97.5,Warwickshire,Lancashire,Hasan Ali,AL Davies,NM Lyon,1,0,,,,,,,,,
1410226,2024,2024-05-24,"Old Trafford, Manchester",1,97.6,Warwickshire,Lancashire,AL Davies,Hasan Ali,NM Lyon,0,0,,,,,,,,,
1410226,2024,2024-05-24,"Old Trafford, Manchester",1,98.1,Warwickshire,Lancashire,Hasan Ali,AL Davies,TH Aspinwall,0,0,,,,,,,,,
1410226,2024,2024-05-24,"Old Trafford, Manchester",1,98.2,Warwickshire,Lancashire,Hasan Ali,AL Davies,TH Aspinwall,1,0,,,,,,,,,
1410226,2024,2024-05-24,"Old Trafford, Manchester",1,98.3,Warwickshire,Lancashire,AL Davies,Hasan Ali,TH Aspinwall,0,0,,,,,,,,,
1410226,2024,2024-05-24,"Old Trafford, Manchester",1,98.4,Warwickshire,Lancashire,AL Davies,Hasan Ali,TH Aspinwall,1,0,,,,,,,,,
1410226,2024,2024-05-24,"Old Trafford, Manchester",1,98.5,Warwickshire,Lancashire,Hasan Ali,AL Davies,TH Aspinwall,4,0,,,,,,,,,
1410226,2024,2024-05-24,"Old Trafford, Manchester",1,98.6,Warwickshire,Lancashire,Hasan Ali,AL Davies,TH Aspinwall,1,0,,,,,,,,,
1410226,2024,2024-05-24,"Old Trafford, Manchester",1,99.1,Warwickshire,Lancashire,Hasan Ali,AL Davies,NM Lyon,0,0,,,,,,,,,
1410226,2024,2024-05-24,"Old Trafford, Manchester",1,99.2,Warwickshire,Lancashire,Hasan Ali,AL Davies,NM Lyon,0,0,,,,,,,,,
1410226,2024,2024-05-24,"Old Trafford, Manchester",1,99.3,Warwickshire,Lancashire,Hasan Ali,AL Davies,NM Lyon,0,0,,,,,,,,,
1410226,2024,2024-05-24,"Old Trafford, Manchester",1,99.4,Warwickshire,Lancashire,Hasan Ali,AL Davies,NM Lyon,4,0,,,,,,,,,
1410226,2024,2024-05-24,"Old Trafford, Manchester",1,99.5,Warwickshire,Lancashire,Hasan Ali,AL Davies,NM Lyon,0,0,,,,,,,,,
1410226,2024,2024-05-24,"Old Trafford, Manchester",1,99.6,Warwickshire,Lancashire,Hasan Ali,AL Davies,NM Lyon,0,0,,,,,,,,,
1410226,2024,2024-05-24,"Old Trafford, Manchester",1,100.1,Warwickshire,Lancashire,AL Davies,Hasan Ali,TH Aspinwall,2,0,,,,,,,,,
1410226,2024,2024-05-24,"Old Trafford, Manchester",1,100.2,Warwickshire,Lancashire,AL Davies,Hasan Ali,TH Aspinwall,1,0,,,,,,,,,
1410226,2024,2024-05-24,"Old Trafford, Manchester",1,100.3,Warwickshire,Lancashire,Hasan Ali,AL Davies,TH Aspinwall,4,0,,,,,,,,,
1410226,2024,2024-05-24,"Old Trafford, Manchester",1,100.4,Warwickshire,Lancashire,Hasan Ali,AL Davies,TH Aspinwall,0,0,,,,,,,,,
1410226,2024,2024-05-24,"Old Trafford, Manchester",1,100.5,Warwickshire,Lancashire,Hasan Ali,AL Davies,TH Aspinwall,1,0,,,,,,,,,
1410226,2024,2024-05-24,"Old Trafford, Manchester",1,100.6,Warwickshire,Lancashire,AL Davies,Hasan Ali,TH Aspinwall,0,0,,,,,,,,,
1410226,2024,2024-05-24,"Old Trafford, Manchester",1,101.1,Warwickshire,Lancashire,Hasan Ali,AL Davies,NM Lyon,4,0,,,,,,,,,
1410226,2024,2024-05-24,"Old Trafford, Manchester",1,101.2,Warwickshire,Lancashire,Hasan Ali,AL Davies,NM Lyon,6,0,,,,,,,,,
1410226,2024,2024-05-24,"Old Trafford, Manchester",1,101.3,Warwickshire,Lancashire,Hasan Ali,AL Davies,NM Lyon,0,0,,,,,,,,,
1410226,2024,2024-05-24,"Old Trafford, Manchester",1,101.4,Warwickshire,Lancashire,Hasan Ali,AL Davies,NM Lyon,0,0,,,,,,,,,
1410226,2024,2024-05-24,"Old Trafford, Manchester",1,101.5,Warwickshire,Lancashire,Hasan Ali,AL Davies,NM Lyon,0,0,,,,,,,,,
1410226,2024,2024-05-24,"Old Trafford, Manchester",1,101.6,Warwickshire,Lancashire,Hasan Ali,AL Davies,NM Lyon,0,0,,,,,,,,,
1410226,2024,2024-05-24,"Old Trafford, Manchester",1,102.1,Warwickshire,Lancashire,AL Davies,Hasan Ali,JP Morley,0,0,,,,,,,,,
1410226,2024,2024-05-24,"Old Trafford, Manchester",1,102.2,Warwickshire,Lancashire,AL Davies,Hasan Ali,JP Morley,0,0,,,,,,,,,
1410226,2024,2024-05-24,"Old Trafford, Manchester",1,102.3,Warwickshire,Lancashire,AL Davies,Hasan Ali,JP Morley,0,0,,,,,,,,,
1410226,2024,2024-05-24,"Old Trafford, Manchester",1,102.4,Warwickshire,Lancashire,AL Davies,Hasan Ali,JP Morley,0,0,,,,,,,,,
1410226,2024,2024-05-24,"Old Trafford, Manchester",1,102.5,Warwickshire,Lancashire,AL Davies,Hasan Ali,JP Morley,1,0,,,,,,,,,
1410226,2024,2024-05-24,"Old Trafford, Manchester",1,102.6,Warwickshire,Lancashire,Hasan Ali,AL Davies,JP Morley,0,0,,,,,,,,,
1410226,2024,2024-05-24,"Old Trafford, Manchester",1,103.1,Warwickshire,Lancashire,AL Davies,Hasan Ali,NM Lyon,0,0,,,,,,,,,
1410226,2024,2024-05-24,"Old Trafford, Manchester",1,103.2,Warwickshire,Lancashire,AL Davies,Hasan Ali,NM Lyon,2,0,,,,,,,,,
1410226,2024,2024-05-24,"Old Trafford, Manchester",1,103.3,Warwickshire,Lancashire,AL Davies,Hasan Ali,NM Lyon,1,0,,,,,,,,,
1410226,2024,2024-05-24,"Old Trafford, Manchester",1,103.4,Warwickshire,Lancashire,Hasan Ali,AL Davies,NM Lyon,2,0,,,,,,,,,
1410226,2024,2024-05-24,"Old Trafford, Manchester",1,103.5,Warwickshire,Lancashire,Hasan Ali,AL Davies,NM Lyon,0,1,,,,1,,,,,
1410226,2024,2024-05-24,"Old Trafford, Manchester",1,103.6,Warwickshire,Lancashire,AL Davies,Hasan Ali,NM Lyon,1,0,,,,,,,,,
1410226,2024,2024-05-24,"Old Trafford, Manchester",1,104.1,Warwickshire,Lancashire,AL Davies,Hasan Ali,JP Morley,0,0,,,,,,,,,
1410226,2024,2024-05-24,"Old Trafford, Manchester",1,104.2,Warwickshire,Lancashire,AL Davies,Hasan Ali,JP Morley,1,0,,,,,,,,,
1410226,2024,2024-05-24,"Old Trafford, Manchester",1,104.3,Warwickshire,Lancashire,Hasan Ali,AL Davies,JP Morley,1,0,,,,,,,,,
1410226,2024,2024-05-24,"Old Trafford, Manchester",1,104.4,Warwickshire,Lancashire,AL Davies,Hasan Ali,JP Morley,0,0,,,,,,,,,
1410226,2024,2024-05-24,"Old Trafford, Manchester",1,104.5,Warwickshire,Lancashire,AL Davies,Hasan Ali,JP Morley,0,0,,,,,,,,,
1410226,2024,2024-05-24,"Old Trafford, Manchester",1,104.6,Warwickshire,Lancashire,AL Davies,Hasan Ali,JP Morley,0,0,,,,,,,,,
1410226,2024,2024-05-24,"Old Trafford, Manchester",1,105.1,Warwickshire,Lancashire,Hasan Ali,AL Davies,LWP Wells,0,0,,,,,,caught,Hasan Ali,,
1410226,2024,2024-05-24,"Old Trafford, Manchester",1,105.2,Warwickshire,Lancashire,MD Rae,AL Davies,LWP Wells,0,0,,,,,,,,,
1410226,2024,2024-05-24,"Old Trafford, Manchester",1,105.3,Warwickshire,Lancashire,MD Rae,AL Davies,LWP Wells,0,0,,,,,,,,,
1410226,2024,2024-05-24,"Old Trafford, Manchester",1,105.4,Warwickshire,Lancashire,MD Rae,AL Davies,LWP Wells,0,0,,,,,,,,,
1410226,2024,2024-05-24,"Old Trafford, Manchester",1,105.5,Warwickshire,Lancashire,MD Rae,AL Davies,LWP Wells,0,0,,,,,,,,,
1410226,2024,2024-05-24,"Old Trafford, Manchester",1,105.6,Warwickshire,Lancashire,MD Rae,AL Davies,LWP Wells,0,0,,,,,,,,,
1410226,2024,2024-05-24,"Old Trafford, Manchester",1,106.1,Warwickshire,Lancashire,AL Davies,MD Rae,JP Morley,2,0,,,,,,,,,
1410226,2024,2024-05-24,"Old Trafford, Manchester",1,106.2,Warwickshire,Lancashire,AL Davies,MD Rae,JP Morley,0,0,,,,,,,,,
1410226,2024,2024-05-24,"Old Trafford, Manchester",1,106.3,Warwickshire,Lancashire,AL Davies,MD Rae,JP Morley,0,0,,,,,,,,,
1410226,2024,2024-05-24,"Old Trafford, Manchester",1,106.4,Warwickshire,Lancashire,AL Davies,MD Rae,JP Morley,0,0,,,,,,,,,
1410226,2024,2024-05-24,"Old Trafford, Manchester",1,106.5,Warwickshire,Lancashire,AL Davies,MD Rae,JP Morley,0,0,,,,,,,,,
1410226,2024,2024-05-24,"Old Trafford, Manchester",1,106.6,Warwickshire,Lancashire,AL Davies,MD Rae,JP Morley,1,0,,,,,,,,,
1410226,2024,2024-05-24,"Old Trafford, Manchester",1,107.1,Warwickshire,Lancashire,AL Davies,MD Rae,LWP Wells,1,0,,,,,,,,,
1410226,2024,2024-05-24,"Old Trafford, Manchester",1,107.2,Warwickshire,Lancashire,MD Rae,AL Davies,LWP Wells,0,0,,,,,,,,,
1410226,2024,2024-05-24,"Old Trafford, Manchester",1,107.3,Warwickshire,Lancashire,MD Rae,AL Davies,LWP Wells,0,0,,,,,,,,,
1410226,2024,2024-05-24,"Old Trafford, Manchester",1,107.4,Warwickshire,Lancashire,MD Rae,AL Davies,LWP Wells,0,0,,,,,,,,,
1410226,2024,2024-05-24,"Old Trafford, Manchester",1,107.5,Warwickshire,Lancashire,MD Rae,AL Davies,LWP Wells,0,0,,,,,,,,,
1410226,2024,2024-05-24,"Old Trafford, Manchester",1,107.6,Warwickshire,Lancashire,MD Rae,AL Davies,LWP Wells,0,0,,,,,,lbw,MD Rae,,
1410226,2024,2024-05-24,"Old Trafford, Manchester",1,108.1,Warwickshire,Lancashire,AL Davies,OJ Hannon-Dalby,JP Morley,0,0,,,,,,,,,
1410226,2024,2024-05-24,"Old Trafford, Manchester",1,108.2,Warwickshire,Lancashire,AL Davies,OJ Hannon-Dalby,JP Morley,0,0,,,,,,,,,
1410226,2024,2024-05-24,"Old Trafford, Manchester",1,108.3,Warwickshire,Lancashire,AL Davies,OJ Hannon-Dalby,JP Morley,1,0,,,,,,,,,
1410226,2024,2024-05-24,"Old Trafford, Manchester",1,108.4,Warwickshire,Lancashire,OJ Hannon-Dalby,AL Davies,JP Morley,0,0,,,,,,,,,
1410226,2024,2024-05-24,"Old Trafford, Manchester",1,108.5,Warwickshire,Lancashire,OJ Hannon-Dalby,AL Davies,JP Morley,0,0,,,,,,,,,
1410226,2024,2024-05-24,"Old Trafford, Manchester",1,108.6,Warwickshire,Lancashire,OJ Hannon-Dalby,AL Davies,JP Morley,0,0,,,,,,,,,
1410226,2024,2024-05-24,"Old Trafford, Manchester",1,109.1,Warwickshire,Lancashire,AL Davies,OJ Hannon-Dalby,LWP Wells,0,0,,,,,,,,,
1410226,2024,2024-05-24,"Old Trafford, Manchester",1,109.2,Warwickshire,Lancashire,AL Davies,OJ Hannon-Dalby,LWP Wells,0,0,,,,,,,,,
1410226,2024,2024-05-24,"Old Trafford, Manchester",1,109.3,Warwickshire,Lancashire,AL Davies,OJ Hannon-Dalby,LWP Wells,2,0,,,,,,,,,
1410226,2024,2024-05-24,"Old Trafford, Manchester",1,109.4,Warwickshire,Lancashire,AL Davies,OJ Hannon-Dalby,LWP Wells,4,0,,,,,,,,,
1410226,2024,2024-05-24,"Old Trafford, Manchester",1,109.5,Warwickshire,Lancashire,AL Davies,OJ Hannon-Dalby,LWP Wells,1,0,,,,,,,,,
1410226,2024,2024-05-24,"Old Trafford, Manchester",1,109.6,Warwickshire,Lancashire,OJ Hannon-Dalby,AL Davies,LWP Wells,0,0,,,,,,,,,
1410226,2024,2024-05-24,"Old Trafford, Manchester",1,110.1,Warwickshire,Lancashire,AL Davies,OJ Hannon-Dalby,JP Morley,0,0,,,,,,,,,
1410226,2024,2024-05-24,"Old Trafford, Manchester",1,110.2,Warwickshire,Lancashire,AL Davies,OJ Hannon-Dalby,JP Morley,0,0,,,,,,,,,
1410226,2024,2024-05-24,"Old Trafford, Manchester",1,110.3,Warwickshire,Lancashire,AL Davies,OJ Hannon-Dalby,JP Morley,1,0,,,,,,,,,
1410226,2024,2024-05-24,"Old Trafford, Manchester",1,110.4,Warwickshire,Lancashire,OJ Hannon-Dalby,AL Davies,JP Morley,0,0,,,,,,,,,
1410226,2024,2024-05-24,"Old Trafford, Manchester",1,110.5,Warwickshire,Lancashire,OJ Hannon-Dalby,AL Davies,JP Morley,0,0,,,,,,lbw,OJ Hannon-Dalby,,
1410226,2024,2024-05-24,"Old Trafford, Manchester",2,0.1,Lancashire,Warwickshire,LWP Wells,KK Jennings,OJ Hannon-Dalby,0,0,,,,,,,,,
1410226,2024,2024-05-24,"Old Trafford, Manchester",2,0.2,Lancashire,Warwickshire,LWP Wells,KK Jennings,OJ Hannon-Dalby,0,0,,,,,,caught,LWP Wells,,
1410226,2024,2024-05-24,"Old Trafford, Manchester",2,0.3,Lancashire,Warwickshire,JJ Bohannon,KK Jennings,OJ Hannon-Dalby,0,0,,,,,,,,,
1410226,2024,2024-05-24,"Old Trafford, Manchester",2,0.4,Lancashire,Warwickshire,JJ Bohannon,KK Jennings,OJ Hannon-Dalby,0,0,,,,,,,,,
1410226,2024,2024-05-24,"Old Trafford, Manchester",2,0.5,Lancashire,Warwickshire,JJ Bohannon,KK Jennings,OJ Hannon-Dalby,4,0,,,,,,,,,
1410226,2024,2024-05-24,"Old Trafford, Manchester",2,0.6,Lancashire,Warwickshire,JJ Bohannon,KK Jennings,OJ Hannon-Dalby,0,0,,,,,,,,,
1410226,2024,2024-05-24,"Old Trafford, Manchester",2,1.1,Lancashire,Warwickshire,KK Jennings,JJ Bohannon,MD Rae,0,0,,,,,,,,,
1410226,2024,2024-05-24,"Old Trafford, Manchester",2,1.2,Lancashire,Warwickshire,KK Jennings,JJ Bohannon,MD Rae,0,0,,,,,,,,,
1410226,2024,2024-05-24,"Old Trafford, Manchester",2,1.3,Lancashire,Warwickshire,KK Jennings,JJ Bohannon,MD Rae,0,0,,,,,,,,,
1410226,2024,2024-05-24,"Old Trafford, Manchester",2,1.4,Lancashire,Warwickshire,KK Jennings,JJ Bohannon,MD Rae,0,0,,,,,,,,,
1410226,2024,2024-05-24,"Old Trafford, Manchester",2,1.5,Lancashire,Warwickshire,KK Jennings,JJ Bohannon,MD Rae,0,0,,,,,,,,,
1410226,2024,2024-05-24,"Old Trafford, Manchester",2,1.6,Lancashire,Warwickshire,KK Jennings,JJ Bohannon,MD Rae,0,0,,,,,,,,,
1410226,2024,2024-05-24,"Old Trafford, Manchester",2,2.1,Lancashire,Warwickshire,JJ Bohannon,KK Jennings,OJ Hannon-Dalby,0,0,,,,,,,,,
1410226,2024,2024-05-24,"Old Trafford, Manchester",2,2.2,Lancashire,Warwickshire,JJ Bohannon,KK Jennings,OJ Hannon-Dalby,0,0,,,,,,,,,
1410226,2024,2024-05-24,"Old Trafford, Manchester",2,2.3,Lancashire,Warwickshire,JJ Bohannon,KK Jennings,OJ Hannon-Dalby,0,0,,,,,,,,,
1410226,2024,2024-05-24,"Old Trafford, Manchester",2,2.4,Lancashire,Warwickshire,JJ Bohannon,KK Jennings,OJ Hannon-Dalby,0,0,,,,,,,,,
1410226,2024,2024-05-24,"Old Trafford, Manchester",2,2.5,Lancashire,Warwickshire,JJ Bohannon,KK Jennings,OJ Hannon-Dalby,4,0,,,,,,,,,
1410226,2024,2024-05-24,"Old Trafford, Manchester",2,2.6,Lancashire,Warwickshire,JJ Bohannon,KK Jennings,OJ Hannon-Dalby,4,0,,,,,,,,,
1410226,2024,2024-05-24,"Old Trafford, Manchester",2,3.1,Lancashire,Warwickshire,KK Jennings,JJ Bohannon,MD Rae,0,0,,,,,,,,,
1410226,2024,2024-05-24,"Old Trafford, Manchester",2,3.2,Lancashire,Warwickshire,KK Jennings,JJ Bohannon,MD Rae,0,0,,,,,,,,,
1410226,2024,2024-05-24,"Old Trafford, Manchester",2,3.3,Lancashire,Warwickshire,KK Jennings,JJ Bohannon,MD Rae,0,0,,,,,,,,,
1410226,2024,2024-05-24,"Old Trafford, Manchester",2,3.4,Lancashire,Warwickshire,KK Jennings,JJ Bohannon,MD Rae,0,0,,,,,,,,,
1410226,2024,2024-05-24,"Old Trafford, Manchester",2,3.5,Lancashire,Warwickshire,KK Jennings,JJ Bohannon,MD Rae,0,0,,,,,,,,,
1410226,2024,2024-05-24,"Old Trafford, Manchester",2,3.6,Lancashire,Warwickshire,KK Jennings,JJ Bohannon,MD Rae,0,0,,,,,,,,,
1410226,2024,2024-05-24,"Old Trafford, Manchester",2,4.1,Lancashire,Warwickshire,JJ Bohannon,KK Jennings,OJ Hannon-Dalby,0,0,,,,,,,,,
1410226,2024,2024-05-24,"Old Trafford, Manchester",2,4.2,Lancashire,Warwickshire,JJ Bohannon,KK Jennings,OJ Hannon-Dalby,0,0,,,,,,,,,
1410226,2024,2024-05-24,"Old Trafford, Manchester",2,4.3,Lancashire,Warwickshire,JJ Bohannon,KK Jennings,OJ Hannon-Dalby,0,0,,,,,,,,,
1410226,2024,2024-05-24,"Old Trafford, Manchester",2,4.4,Lancashire,Warwickshire,JJ Bohannon,KK Jennings,OJ Hannon-Dalby,0,0,,,,,,,,,
1410226,2024,2024-05-24,"Old Trafford, Manchester",2,4.5,Lancashire,Warwickshire,JJ Bohannon,KK Jennings,OJ Hannon-Dalby,0,0,,,,,,caught,JJ Bohannon,,
1410226,2024,2024-05-24,"Old Trafford, Manchester",2,4.6,Lancashire,Warwickshire,GJ Bell,KK Jennings,OJ Hannon-Dalby,0,0,,,,,,,,,
1410226,2024,2024-05-24,"Old Trafford, Manchester",2,5.1,Lancashire,Warwickshire,KK Jennings,GJ Bell,MD Rae,0,0,,,,,,,,,
1410226,2024,2024-05-24,"Old Trafford, Manchester",2,5.2,Lancashire,Warwickshire,KK Jennings,GJ Bell,MD Rae,0,0,,,,,,,,,
1410226,2024,2024-05-24,"Old Trafford, Manchester",2,5.3,Lancashire,Warwickshire,KK Jennings,GJ Bell,MD Rae,0,0,,,,,,,,,
1410226,2024,2024-05-24,"Old Trafford, Manchester",2,5.4,Lancashire,Warwickshire,KK Jennings,GJ Bell,MD Rae,0,0,,,,,,,,,
1410226,2024,2024-05-24,"Old Trafford, Manchester",2,5.5,Lancashire,Warwickshire,KK Jennings,GJ Bell,MD Rae,0,0,,,,,,,,,
1410226,2024,2024-05-24,"Old Trafford, Manchester",2,5.6,Lancashire,Warwickshire,KK Jennings,GJ Bell,MD Rae,0,0,,,,,,,,,
1410226,2024,2024-05-24,"Old Trafford, Manchester",2,6.1,Lancashire,Warwickshire,GJ Bell,KK Jennings,OJ Hannon-Dalby,0,0,,,,,,,,,
1410226,2024,2024-05-24,"Old Trafford, Manchester",2,6.2,Lancashire,Warwickshire,GJ Bell,KK Jennings,OJ Hannon-Dalby,0,0,,,,,,,,,
1410226,2024,2024-05-24,"Old Trafford, Manchester",2,6.3,Lancashire,Warwickshire,GJ Bell,KK Jennings,OJ Hannon-Dalby,0,0,,,,,,,,,
1410226,2024,2024-05-24,"Old Trafford, Manchester",2,6.4,Lancashire,Warwickshire,GJ Bell,KK Jennings,OJ Hannon-Dalby,0,0,,,,,,,,,
1410226,2024,2024-05-24,"Old Trafford, Manchester",2,6.5,Lancashire,Warwickshire,GJ Bell,KK Jennings,OJ Hannon-Dalby,0,0,,,,,,,,,
1410226,2024,2024-05-24,"Old Trafford, Manchester",2,6.6,Lancashire,Warwickshire,GJ Bell,KK Jennings,OJ Hannon-Dalby,0,0,,,,,,,,,
1410226,2024,2024-05-24,"Old Trafford, Manchester",2,7.1,Lancashire,Warwickshire,KK Jennings,GJ Bell,MD Rae,0,0,,,,,,,,,
1410226,2024,2024-05-24,"Old Trafford, Manchester",2,7.2,Lancashire,Warwickshire,KK Jennings,GJ Bell,MD Rae,0,0,,,,,,,,,
1410226,2024,2024-05-24,"Old Trafford, Manchester",2,7.3,Lancashire,Warwickshire,KK Jennings,GJ Bell,MD Rae,0,0,,,,,,,,,
1410226,2024,2024-05-24,"Old Trafford, Manchester",2,7.4,Lancashire,Warwickshire,KK Jennings,GJ Bell,MD Rae,0,0,,,,,,,,,
1410226,2024,2024-05-24,"Old Trafford, Manchester",2,7.5,Lancashire,Warwickshire,KK Jennings,GJ Bell,MD Rae,0,0,,,,,,,,,
1410226,2024,2024-05-24,"Old Trafford, Manchester",2,7.6,Lancashire,Warwickshire,KK Jennings,GJ Bell,MD Rae,0,0,,,,,,,,,
1410226,2024,2024-05-24,"Old Trafford, Manchester",2,8.1,Lancashire,Warwickshire,GJ Bell,KK Jennings,OJ Hannon-Dalby,0,0,,,,,,,,,
1410226,2024,2024-05-24,"Old Trafford, Manchester",2,8.2,Lancashire,Warwickshire,GJ Bell,KK Jennings,OJ Hannon-Dalby,1,0,,,,,,,,,
1410226,2024,2024-05-24,"Old Trafford, Manchester",2,8.3,Lancashire,Warwickshire,KK Jennings,GJ Bell,OJ Hannon-Dalby,0,0,,,,,,,,,
1410226,2024,2024-05-24,"Old Trafford, Manchester",2,8.4,Lancashire,Warwickshire,KK Jennings,GJ Bell,OJ Hannon-Dalby,0,0,,,,,,,,,
1410226,2024,2024-05-24,"Old Trafford, Manchester",2,8.5,Lancashire,Warwickshire,KK Jennings,GJ Bell,OJ Hannon-Dalby,0,0,,,,,,,,,
1410226,2024,2024-05-24,"Old Trafford, Manchester",2,8.6,Lancashire,Warwickshire,KK Jennings,GJ Bell,OJ Hannon-Dalby,0,0,,,,,,,,,
1410226,2024,2024-05-24,"Old Trafford, Manchester",2,9.1,Lancashire,Warwickshire,GJ Bell,KK Jennings,MD Rae,0,0,,,,,,,,,
1410226,2024,2024-05-24,"Old Trafford, Manchester",2,9.2,Lancashire,Warwickshire,GJ Bell,KK Jennings,MD Rae,4,0,,,,,,,,,
1410226,2024,2024-05-24,"Old Trafford, Manchester",2,9.3,Lancashire,Warwickshire,GJ Bell,KK Jennings,MD Rae,0,0,,,,,,,,,
1410226,2024,2024-05-24,"Old Trafford, Manchester",2,9.4,Lancashire,Warwickshire,GJ Bell,KK Jennings,MD Rae,0,0,,,,,,,,,
1410226,2024,2024-05-24,"Old Trafford, Manchester",2,9.5,Lancashire,Warwickshire,GJ Bell,KK Jennings,MD Rae,0,0,,,,,,,,,
1410226,2024,2024-05-24,"Old Trafford, Manchester",2,9.6,Lancashire,Warwickshire,GJ Bell,KK Jennings,MD Rae,4,0,,,,,,,,,
1410226,2024,2024-05-24,"Old Trafford, Manchester",2,10.1,Lancashire,Warwickshire,KK Jennings,GJ Bell,OJ Hannon-Dalby,0,0,,,,,,,,,
1410226,2024,2024-05-24,"Old Trafford, Manchester",2,10.2,Lancashire,Warwickshire,KK Jennings,GJ Bell,OJ Hannon-Dalby,0,0,,,,,,,,,
1410226,2024,2024-05-24,"Old Trafford, Manchester",2,10.3,Lancashire,Warwickshire,KK Jennings,GJ Bell,OJ Hannon-Dalby,0,0,,,,,,,,,
1410226,2024,2024-05-24,"Old Trafford, Manchester",2,10.4,Lancashire,Warwickshire,KK Jennings,GJ Bell,OJ Hannon-Dalby,2,0,,,,,,,,,
1410226,2024,2024-05-24,"Old Trafford, Manchester",2,10.5,Lancashire,Warwickshire,KK Jennings,GJ Bell,OJ Hannon-Dalby,0,0,,,,,,,,,
1410226,2024,2024-05-24,"Old Trafford, Manchester",2,10.6,Lancashire,Warwickshire,KK Jennings,GJ Bell,OJ Hannon-Dalby,0,0,,,,,,,,,
1410226,2024,2024-05-24,"Old Trafford, Manchester",2,11.1,Lancashire,Warwickshire,GJ Bell,KK Jennings,RM Yates,0,0,,,,,,,,,
1410226,2024,2024-05-24,"Old Trafford, Manchester",2,11.2,Lancashire,Warwickshire,GJ Bell,KK Jennings,RM Yates,1,0,,,,,,,,,
1410226,2024,2024-05-24,"Old Trafford, Manchester",2,11.3,Lancashire,Warwickshire,KK Jennings,GJ Bell,RM Yates,0,0,,,,,,,,,
1410226,2024,2024-05-24,"Old Trafford, Manchester",2,11.4,Lancashire,Warwickshire,KK Jennings,GJ Bell,RM Yates,0,0,,,,,,,,,
1410226,2024,2024-05-24,"Old Trafford, Manchester",2,11.5,Lancashire,Warwickshire,KK Jennings,GJ Bell,RM Yates,0,0,,,,,,,,,
1410226,2024,2024-05-24,"Old Trafford, Manchester",2,11.6,Lancashire,Warwickshire,KK Jennings,GJ Bell,RM Yates,0,0,,,,,,,,,
1410226,2024,2024-05-24,"Old Trafford, Manchester",2,12.1,Lancashire,Warwickshire,GJ Bell,KK Jennings,OJ Hannon-Dalby,0,0,,,,,,,,,
1410226,2024,2024-05-24,"Old Trafford, Manchester",2,12.2,Lancashire,Warwickshire,GJ Bell,KK Jennings,OJ Hannon-Dalby,0,0,,,,,,,,,
1410226,2024,2024-05-24,"Old Trafford, Manchester",2,12.3,Lancashire,Warwickshire,GJ Bell,KK Jennings,OJ Hannon-Dalby,0,0,,,,,,,,,
1410226,2024,2024-05-24,"Old Trafford, Manchester",2,12.4,Lancashire,Warwickshire,GJ Bell,KK Jennings,OJ Hannon-Dalby,4,0,,,,,,,,,
1410226,2024,2024-05-24,"Old Trafford, Manchester",2,12.5,Lancashire,Warwickshire,GJ Bell,KK Jennings,OJ Hannon-Dalby,0,0,,,,,,,,,
1410226,2024,2024-05-24,"Old Trafford, Manchester",2,12.6,Lancashire,Warwickshire,GJ Bell,KK Jennings,OJ Hannon-Dalby,0,0,,,,,,,,,
1410226,2024,2024-05-24,"Old Trafford, Manchester",2,13.1,Lancashire,Warwickshire,KK Jennings,GJ Bell,RM Yates,0,0,,,,,,,,,
1410226,2024,2024-05-24,"Old Trafford, Manchester",2,13.2,Lancashire,Warwickshire,KK Jennings,GJ Bell,RM Yates,0,0,,,,,,,,,
1410226,2024,2024-05-24,"Old Trafford, Manchester",2,13.3,Lancashire,Warwickshire,KK Jennings,GJ Bell,RM Yates,0,0,,,,,,,,,
1410226,2024,2024-05-24,"Old Trafford, Manchester",2,13.4,Lancashire,Warwickshire,KK Jennings,GJ Bell,RM Yates,0,0,,,,,,,,,
1410226,2024,2024-05-24,"Old Trafford, Manchester",2,13.5,Lancashire,Warwickshire,KK Jennings,GJ Bell,RM Yates,1,0,,,,,,,,,
1410226,2024,2024-05-24,"Old Trafford, Manchester",2,13.6,Lancashire,Warwickshire,GJ Bell,KK Jennings,RM Yates,0,0,,,,,,,,,
1410226,2024,2024-05-24,"Old Trafford, Manchester",2,14.1,Lancashire,Warwickshire,KK Jennings,GJ Bell,Hasan Ali,1,0,,,,,,,,,
1410226,2024,2024-05-24,"Old Trafford, Manchester",2,14.2,Lancashire,Warwickshire,GJ Bell,KK Jennings,Hasan Ali,4,0,,,,,,,,,
1410226,2024,2024-05-24,"Old Trafford, Manchester",2,14.3,Lancashire,Warwickshire,GJ Bell,KK Jennings,Hasan Ali,0,0,,,,,,,,,
1410226,2024,2024-05-24,"Old Trafford, Manchester",2,14.4,Lancashire,Warwickshire,GJ Bell,KK Jennings,Hasan Ali,0,0,,,,,,,,,
1410226,2024,2024-05-24,"Old Trafford, Manchester",2,14.5,Lancashire,Warwickshire,GJ Bell,KK Jennings,Hasan Ali,0,0,,,,,,,,,
1410226,2024,2024-05-24,"Old Trafford, Manchester",2,14.6,Lancashire,Warwickshire,GJ Bell,KK Jennings,Hasan Ali,0,0,,,,,,,,,
1410226,2024,2024-05-24,"Old Trafford, Manchester",2,15.1,Lancashire,Warwickshire,KK Jennings,GJ Bell,RM Yates,0,0,,,,,,,,,
1410226,2024,2024-05-24,"Old Trafford, Manchester",2,15.2,Lancashire,Warwickshire,KK Jennings,GJ Bell,RM Yates,1,0,,,,,,,,,
1410226,2024,2024-05-24,"Old Trafford, Manchester",2,15.3,Lancashire,Warwickshire,GJ Bell,KK Jennings,RM Yates,0,0,,,,,,,,,
1410226,2024,2024-05-24,"Old Trafford, Manchester",2,15.4,Lancashire,Warwickshire,GJ Bell,KK Jennings,RM Yates,0,0,,,,,,,,,
1410226,2024,2024-05-24,"Old Trafford, Manchester",2,15.5,Lancashire,Warwickshire,GJ Bell,KK Jennings,RM Yates,0,0,,,,,,,,,
1410226,2024,2024-05-24,"Old Trafford, Manchester",2,15.6,Lancashire,Warwickshire,GJ Bell,KK Jennings,RM Yates,0,0,,,,,,,,,
1410226,2024,2024-05-24,"Old Trafford, Manchester",2,16.1,Lancashire,Warwickshire,KK Jennings,GJ Bell,Hasan Ali,1,0,,,,,,,,,
1410226,2024,2024-05-24,"Old Trafford, Manchester",2,16.2,Lancashire,Warwickshire,GJ Bell,KK Jennings,Hasan Ali,0,0,,,,,,,,,
1410226,2024,2024-05-24,"Old Trafford, Manchester",2,16.3,Lancashire,Warwickshire,GJ Bell,KK Jennings,Hasan Ali,4,0,,,,,,,,,
1410226,2024,2024-05-24,"Old Trafford, Manchester",2,16.4,Lancashire,Warwickshire,GJ Bell,KK Jennings,Hasan Ali,0,0,,,,,,,,,
1410226,2024,2024-05-24,"Old Trafford, Manchester",2,16.5,Lancashire,Warwickshire,GJ Bell,KK Jennings,Hasan Ali,0,0,,,,,,,,,
1410226,2024,2024-05-24,"Old Trafford, Manchester",2,16.6,Lancashire,Warwickshire,GJ Bell,KK Jennings,Hasan Ali,0,0,,,,,,,,,
1410226,2024,2024-05-24,"Old Trafford, Manchester",2,17.1,Lancashire,Warwickshire,KK Jennings,GJ Bell,RM Yates,0,0,,,,,,,,,
1410226,2024,2024-05-24,"Old Trafford, Manchester",2,17.2,Lancashire,Warwickshire,KK Jennings,GJ Bell,RM Yates,1,0,,,,,,,,,
1410226,2024,2024-05-24,"Old Trafford, Manchester",2,17.3,Lancashire,Warwickshire,GJ Bell,KK Jennings,RM Yates,0,0,,,,,,,,,
1410226,2024,2024-05-24,"Old Trafford, Manchester",2,17.4,Lancashire,Warwickshire,GJ Bell,KK Jennings,RM Yates,0,0,,,,,,,,,
1410226,2024,2024-05-24,"Old Trafford, Manchester",2,17.5,Lancashire,Warwickshire,GJ Bell,KK Jennings,RM Yates,0,0,,,,,,,,,
1410226,2024,2024-05-24,"Old Trafford, Manchester",2,17.6,Lancashire,Warwickshire,GJ Bell,KK Jennings,RM Yates,0,1,,,1,,,,,,
1410226,2024,2024-05-24,"Old Trafford, Manchester",2,18.1,Lancashire,Warwickshire,GJ Bell,KK Jennings,Hasan Ali,0,0,,,,,,,,,
1410226,2024,2024-05-24,"Old Trafford, Manchester",2,18.2,Lancashire,Warwickshire,GJ Bell,KK Jennings,Hasan Ali,2,0,,,,,,,,,
1410226,2024,2024-05-24,"Old Trafford, Manchester",2,18.3,Lancashire,Warwickshire,GJ Bell,KK Jennings,Hasan Ali,0,0,,,,,,,,,
1410226,2024,2024-05-24,"Old Trafford, Manchester",2,18.4,Lancashire,Warwickshire,GJ Bell,KK Jennings,Hasan Ali,1,0,,,,,,,,,
1410226,2024,2024-05-24,"Old Trafford, Manchester",2,18.5,Lancashire,Warwickshire,KK Jennings,GJ Bell,Hasan Ali,4,0,,,,,,,,,
1410226,2024,2024-05-24,"Old Trafford, Manchester",2,18.6,Lancashire,Warwickshire,KK Jennings,GJ Bell,Hasan Ali,0,0,,,,,,,,,
1410226,2024,2024-05-24,"Old Trafford, Manchester",2,19.1,Lancashire,Warwickshire,GJ Bell,KK Jennings,RM Yates,0,0,,,,,,,,,
1410226,2024,2024-05-24,"Old Trafford, Manchester",2,19.2,Lancashire,Warwickshire,GJ Bell,KK Jennings,RM Yates,4,0,,,,,,,,,
1410226,2024,2024-05-24,"Old Trafford, Manchester",2,19.3,Lancashire,Warwickshire,GJ Bell,KK Jennings,RM Yates,0,0,,,,,,,,,
1410226,2024,2024-05-24,"Old Trafford, Manchester",2,19.4,Lancashire,Warwickshire,GJ Bell,KK Jennings,RM Yates,0,0,,,,,,,,,
1410226,2024,2024-05-24,"Old Trafford, Manchester",2,19.5,Lancashire,Warwickshire,GJ Bell,KK Jennings,RM Yates,0,0,,,,,,,,,
1410226,2024,2024-05-24,"Old Trafford, Manchester",2,19.6,Lancashire,Warwickshire,GJ Bell,KK Jennings,RM Yates,0,0,,,,,,,,,
1410226,2024,2024-05-24,"Old Trafford, Manchester",2,20.1,Lancashire,Warwickshire,KK Jennings,GJ Bell,JG Bethell,0,0,,,,,,,,,
1410226,2024,2024-05-24,"Old Trafford, Manchester",2,20.2,Lancashire,Warwickshire,KK Jennings,GJ Bell,JG Bethell,0,0,,,,,,,,,
1410226,2024,2024-05-24,"Old Trafford, Manchester",2,20.3,Lancashire,Warwickshire,KK Jennings,GJ Bell,JG Bethell,0,0,,,,,,,,,
1410226,2024,2024-05-24,"Old Trafford, Manchester",2,20.4,Lancashire,Warwickshire,KK Jennings,GJ Bell,JG Bethell,0,0,,,,,,,,,
1410226,2024,2024-05-24,"Old Trafford, Manchester",2,20.5,Lancashire,Warwickshire,KK Jennings,GJ Bell,JG Bethell,0,0,,,,,,,,,
1410226,2024,2024-05-24,"Old Trafford, Manchester",2,20.6,Lancashire,Warwickshire,KK Jennings,GJ Bell,JG Bethell,0,0,,,,,,,,,
1410226,2024,2024-05-24,"Old Trafford, Manchester",2,21.1,Lancashire,Warwickshire,GJ Bell,KK Jennings,RM Yates,0,0,,,,,,,,,
1410226,2024,2024-05-24,"Old Trafford, Manchester",2,21.2,Lancashire,Warwickshire,GJ Bell,KK Jennings,RM Yates,0,0,,,,,,,,,
1410226,2024,2024-05-24,"Old Trafford, Manchester",2,21.3,Lancashire,Warwickshire,GJ Bell,KK Jennings,RM Yates,4,0,,,,,,,,,
1410226,2024,2024-05-24,"Old Trafford, Manchester",2,21.4,Lancashire,Warwickshire,GJ Bell,KK Jennings,RM Yates,0,0,,,,,,,,,
1410226,2024,2024-05-24,"Old Trafford, Manchester",2,21.5,Lancashire,Warwickshire,GJ Bell,KK Jennings,RM Yates,2,0,,,,,,,,,
1410226,2024,2024-05-24,"Old Trafford, Manchester",2,21.6,Lancashire,Warwickshire,GJ Bell,KK Jennings,RM Yates,0,0,,,,,,,,,
1410226,2024,2024-05-24,"Old Trafford, Manchester",2,22.1,Lancashire,Warwickshire,KK Jennings,GJ Bell,JG Bethell,0,0,,,,,,,,,
1410226,2024,2024-05-24,"Old Trafford, Manchester",2,22.2,Lancashire,Warwickshire,KK Jennings,GJ Bell,JG Bethell,0,0,,,,,,,,,
1410226,2024,2024-05-24,"Old Trafford, Manchester",2,22.3,Lancashire,Warwickshire,KK Jennings,GJ Bell,JG Bethell,0,0,,,,,,,,,
1410226,2024,2024-05-24,"Old Trafford, Manchester",2,22.4,Lancashire,Warwickshire,KK Jennings,GJ Bell,JG Bethell,0,0,,,,,,,,,
1410226,2024,2024-05-24,"Old Trafford, Manchester",2,22.5,Lancashire,Warwickshire,KK Jennings,GJ Bell,JG Bethell,0,0,,,,,,,,,
1410226,2024,2024-05-24,"Old Trafford, Manchester",2,22.6,Lancashire,Warwickshire,KK Jennings,GJ Bell,JG Bethell,0,0,,,,,,,,,
1410226,2024,2024-05-24,"Old Trafford, Manchester",2,23.1,Lancashire,Warwickshire,GJ Bell,KK Jennings,RM Yates,0,0,,,,,,,,,
1410226,2024,2024-05-24,"Old Trafford, Manchester",2,23.2,Lancashire,Warwickshire,GJ Bell,KK Jennings,RM Yates,0,0,,,,,,,,,
1410226,2024,2024-05-24,"Old Trafford, Manchester",2,23.3,Lancashire,Warwickshire,GJ Bell,KK Jennings,RM Yates,0,0,,,,,,,,,
1410226,2024,2024-05-24,"Old Trafford, Manchester",2,23.4,Lancashire,Warwickshire,GJ Bell,KK Jennings,RM Yates,1,0,,,,,,,,,
1410226,2024,2024-05-24,"Old Trafford, Manchester",2,23.5,Lancashire,Warwickshire,KK Jennings,GJ Bell,RM Yates,0,0,,,,,,,,,
1410226,2024,2024-05-24,"Old Trafford, Manchester",2,23.6,Lancashire,Warwickshire,KK Jennings,GJ Bell,RM Yates,1,0,,,,,,,,,
1410226,2024,2024-05-24,"Old Trafford, Manchester",2,24.1,Lancashire,Warwickshire,KK Jennings,GJ Bell,JG Bethell,0,0,,,,,,,,,
1410226,2024,2024-05-24,"Old Trafford, Manchester",2,24.2,Lancashire,Warwickshire,KK Jennings,GJ Bell,JG Bethell,0,0,,,,,,,,,
1410226,2024,2024-05-24,"Old Trafford, Manchester",2,24.3,Lancashire,Warwickshire,KK Jennings,GJ Bell,JG Bethell,0,0,,,,,,,,,
1410226,2024,2024-05-24,"Old Trafford, Manchester",2,24.4,Lancashire,Warwickshire,KK Jennings,GJ Bell,JG Bethell,0,0,,,,,,,,,
1410226,2024,2024-05-24,"Old Trafford, Manchester",2,24.5,Lancashire,Warwickshire,KK Jennings,GJ Bell,JG Bethell,0,0,,,,,,,,,
1410226,2024,2024-05-24,"Old Trafford, Manchester",2,24.6,Lancashire,Warwickshire,KK Jennings,GJ Bell,JG Bethell,0,0,,,,,,,,,
1410226,2024,2024-05-24,"Old Trafford, Manchester",2,25.1,Lancashire,Warwickshire,GJ Bell,KK Jennings,JB Lintott,1,0,,,,,,,,,
1410226,2024,2024-05-24,"Old Trafford, Manchester",2,25.2,Lancashire,Warwickshire,KK Jennings,GJ Bell,JB Lintott,0,0,,,,,,,,,
1410226,2024,2024-05-24,"Old Trafford, Manchester",2,25.3,Lancashire,Warwickshire,KK Jennings,GJ Bell,JB Lintott,0,0,,,,,,,,,
1410226,2024,2024-05-24,"Old Trafford, Manchester",2,25.4,Lancashire,Warwickshire,KK Jennings,GJ Bell,JB Lintott,0,0,,,,,,,,,
1410226,2024,2024-05-24,"Old Trafford, Manchester",2,25.5,Lancashire,Warwickshire,KK Jennings,GJ Bell,JB Lintott,0,0,,,,,,,,,
1410226,2024,2024-05-24,"Old Trafford, Manchester",2,25.6,Lancashire,Warwickshire,KK Jennings,GJ Bell,JB Lintott,0,0,,,,,,,,,
1410226,2024,2024-05-24,"Old Trafford, Manchester",2,26.1,Lancashire,Warwickshire,GJ Bell,KK Jennings,JG Bethell,0,0,,,,,,,,,
1410226,2024,2024-05-24,"Old Trafford, Manchester",2,26.2,Lancashire,Warwickshire,GJ Bell,KK Jennings,JG Bethell,0,0,,,,,,,,,
1410226,2024,2024-05-24,"Old Trafford, Manchester",2,26.3,Lancashire,Warwickshire,GJ Bell,KK Jennings,JG Bethell,0,0,,,,,,,,,
1410226,2024,2024-05-24,"Old Trafford, Manchester",2,26.4,Lancashire,Warwickshire,GJ Bell,KK Jennings,JG Bethell,1,0,,,,,,,,,
1410226,2024,2024-05-24,"Old Trafford, Manchester",2,26.5,Lancashire,Warwickshire,KK Jennings,GJ Bell,JG Bethell,0,0,,,,,,,,,
1410226,2024,2024-05-24,"Old Trafford, Manchester",2,26.6,Lancashire,Warwickshire,KK Jennings,GJ Bell,JG Bethell,0,0,,,,,,,,,
1410226,2024,2024-05-24,"Old Trafford, Manchester",2,27.1,Lancashire,Warwickshire,GJ Bell,KK Jennings,JB Lintott,0,0,,,,,,,,,
1410226,2024,2024-05-24,"Old Trafford, Manchester",2,27.2,Lancashire,Warwickshire,GJ Bell,KK Jennings,JB Lintott,0,0,,,,,,,,,
1410226,2024,2024-05-24,"Old Trafford, Manchester",2,27.3,Lancashire,Warwickshire,GJ Bell,KK Jennings,JB Lintott,0,0,,,,,,,,,
1410226,2024,2024-05-24,"Old Trafford, Manchester",2,27.4,Lancashire,Warwickshire,GJ Bell,KK Jennings,JB Lintott,0,1,1,,,,,,,,
1410226,2024,2024-05-24,"Old Trafford, Manchester",2,27.5,Lancashire,Warwickshire,GJ Bell,KK Jennings,JB Lintott,0,0,,,,,,,,,
1410226,2024,2024-05-24,"Old Trafford, Manchester",2,27.6,Lancashire,Warwickshire,GJ Bell,KK Jennings,JB Lintott,0,0,,,,,,,,,
1410226,2024,2024-05-24,"Old Trafford, Manchester",2,27.7,Lancashire,Warwickshire,GJ Bell,KK Jennings,JB Lintott,2,0,,,,,,,,,
1410226,2024,2024-05-24,"Old Trafford, Manchester",2,28.1,Lancashire,Warwickshire,KK Jennings,GJ Bell,JG Bethell,0,0,,,,,,,,,
1410226,2024,2024-05-24,"Old Trafford, Manchester",2,28.2,Lancashire,Warwickshire,KK Jennings,GJ Bell,JG Bethell,0,0,,,,,,,,,
1410226,2024,2024-05-24,"Old Trafford, Manchester",2,28.3,Lancashire,Warwickshire,KK Jennings,GJ Bell,JG Bethell,0,0,,,,,,,,,
1410226,2024,2024-05-24,"Old Trafford, Manchester",2,28.4,Lancashire,Warwickshire,KK Jennings,GJ Bell,JG Bethell,0,0,,,,,,,,,
1410226,2024,2024-05-24,"Old Trafford, Manchester",2,28.5,Lancashire,Warwickshire,KK Jennings,GJ Bell,JG Bethell,0,0,,,,,,,,,
1410226,2024,2024-05-24,"Old Trafford, Manchester",2,28.6,Lancashire,Warwickshire,KK Jennings,GJ Bell,JG Bethell,0,0,,,,,,,,,
1410226,2024,2024-05-24,"Old Trafford, Manchester",2,29.1,Lancashire,Warwickshire,GJ Bell,KK Jennings,JB Lintott,0,0,,,,,,caught,GJ Bell,,
1410226,2024,2024-05-24,"Old Trafford, Manchester",2,29.2,Lancashire,Warwickshire,TC Bruce,KK Jennings,JB Lintott,2,0,,,,,,,,,
1410226,2024,2024-05-24,"Old Trafford, Manchester",2,29.3,Lancashire,Warwickshire,TC Bruce,KK Jennings,JB Lintott,1,0,,,,,,,,,
1410226,2024,2024-05-24,"Old Trafford, Manchester",2,29.4,Lancashire,Warwickshire,KK Jennings,TC Bruce,JB Lintott,0,0,,,,,,,,,
1410226,2024,2024-05-24,"Old Trafford, Manchester",2,29.5,Lancashire,Warwickshire,KK Jennings,TC Bruce,JB Lintott,0,0,,,,,,,,,
1410226,2024,2024-05-24,"Old Trafford, Manchester",2,29.6,Lancashire,Warwickshire,KK Jennings,TC Bruce,JB Lintott,0,0,,,,,,,,,
1410226,2024,2024-05-24,"Old Trafford, Manchester",2,30.1,Lancashire,Warwickshire,TC Bruce,KK Jennings,OJ Hannon-Dalby,0,0,,,,,,,,,
1410226,2024,2024-05-24,"Old Trafford, Manchester",2,30.2,Lancashire,Warwickshire,TC Bruce,KK Jennings,OJ Hannon-Dalby,0,0,,,,,,,,,
1410226,2024,2024-05-24,"Old Trafford, Manchester",2,30.3,Lancashire,Warwickshire,TC Bruce,KK Jennings,OJ Hannon-Dalby,0,0,,,,,,bowled,TC Bruce,,
1410226,2024,2024-05-24,"Old Trafford, Manchester",2,30.4,Lancashire,Warwickshire,GP Balderson,KK Jennings,OJ Hannon-Dalby,0,0,,,,,,,,,
1410226,2024,2024-05-24,"Old Trafford, Manchester",2,30.5,Lancashire,Warwickshire,GP Balderson,KK Jennings,OJ Hannon-Dalby,0,0,,,,,,,,,
1410226,2024,2024-05-24,"Old Trafford, Manchester",2,30.6,Lancashire,Warwickshire,GP Balderson,KK Jennings,OJ Hannon-Dalby,0,0,,,,,,,,,
1410226,2024,2024-05-24,"Old Trafford, Manchester",2,31.1,Lancashire,Warwickshire,KK Jennings,GP Balderson,MD Rae,0,0,,,,,,,,,
1410226,2024,2024-05-24,"Old Trafford, Manchester",2,31.2,Lancashire,Warwickshire,KK Jennings,GP Balderson,MD Rae,0,0,,,,,,,,,
1410226,2024,2024-05-24,"Old Trafford, Manchester",2,31.3,Lancashire,Warwickshire,KK Jennings,GP Balderson,MD Rae,0,0,,,,,,,,,
1410226,2024,2024-05-24,"Old Trafford, Manchester",2,31.4,Lancashire,Warwickshire,KK Jennings,GP Balderson,MD Rae,0,0,,,,,,,,,
1410226,2024,2024-05-24,"Old Trafford, Manchester",2,31.5,Lancashire,Warwickshire,KK Jennings,GP Balderson,MD Rae,0,0,,,,,,,,,
1410226,2024,2024-05-24,"Old Trafford, Manchester",2,31.6,Lancashire,Warwickshire,KK Jennings,GP Balderson,MD Rae,0,0,,,,,,,,,
1410226,2024,2024-05-24,"Old Trafford, Manchester",2,32.1,Lancashire,Warwickshire,GP Balderson,KK Jennings,OJ Hannon-Dalby,0,0,,,,,,,,,
1410226,2024,2024-05-24,"Old Trafford, Manchester",2,32.2,Lancashire,Warwickshire,GP Balderson,KK Jennings,OJ Hannon-Dalby,0,0,,,,,,,,,
1410226,2024,2024-05-24,"Old Trafford, Manchester",2,32.3,Lancashire,Warwickshire,GP Balderson,KK Jennings,OJ Hannon-Dalby,0,0,,,,,,,,,
1410226,2024,2024-05-24,"Old Trafford, Manchester",2,32.4,Lancashire,Warwickshire,GP Balderson,KK Jennings,OJ Hannon-Dalby,0,0,,,,,,,,,
1410226,2024,2024-05-24,"Old Trafford, Manchester",2,32.5,Lancashire,Warwickshire,GP Balderson,KK Jennings,OJ Hannon-Dalby,0,0,,,,,,,,,
1410226,2024,2024-05-24,"Old Trafford, Manchester",2,32.6,Lancashire,Warwickshire,GP Balderson,KK Jennings,OJ Hannon-Dalby,0,0,,,,,,,,,
1410226,2024,2024-05-24,"Old Trafford, Manchester",2,33.1,Lancashire,Warwickshire,KK Jennings,GP Balderson,MD Rae,0,0,,,,,,,,,
1410226,2024,2024-05-24,"Old Trafford, Manchester",2,33.2,Lancashire,Warwickshire,KK Jennings,GP Balderson,MD Rae,0,0,,,,,,,,,
1410226,2024,2024-05-24,"Old Trafford, Manchester",2,33.3,Lancashire,Warwickshire,KK Jennings,GP Balderson,MD Rae,0,0,,,,,,,,,
1410226,2024,2024-05-24,"Old Trafford, Manchester",2,33.4,Lancashire,Warwickshire,KK Jennings,GP Balderson,MD Rae,1,0,,,,,,,,,
1410226,2024,2024-05-24,"Old Trafford, Manchester",2,33.5,Lancashire,Warwickshire,GP Balderson,KK Jennings,MD Rae,0,0,,,,,,,,,
1410226,2024,2024-05-24,"Old Trafford, Manchester",2,33.6,Lancashire,Warwickshire,GP Balderson,KK Jennings,MD Rae,0,4,,,,4,,,,,
1410226,2024,2024-05-24,"Old Trafford, Manchester",2,34.1,Lancashire,Warwickshire,KK Jennings,GP Balderson,OJ Hannon-Dalby,1,0,,,,,,,,,
1410226,2024,2024-05-24,"Old Trafford, Manchester",2,34.2,Lancashire,Warwickshire,GP Balderson,KK Jennings,OJ Hannon-Dalby,4,0,,,,,,,,,
1410226,2024,2024-05-24,"Old Trafford, Manchester",2,34.3,Lancashire,Warwickshire,GP Balderson,KK Jennings,OJ Hannon-Dalby,0,0,,,,,,,,,
1410226,2024,2024-05-24,"Old Trafford, Manchester",2,34.4,Lancashire,Warwickshire,GP Balderson,KK Jennings,OJ Hannon-Dalby,0,0,,,,,,,,,
1410226,2024,2024-05-24,"Old Trafford, Manchester",2,34.5,Lancashire,Warwickshire,GP Balderson,KK Jennings,OJ Hannon-Dalby,0,0,,,,,,,,,
1410226,2024,2024-05-24,"Old Trafford, Manchester",2,34.6,Lancashire,Warwickshire,GP Balderson,KK Jennings,OJ Hannon-Dalby,0,0,,,,,,,,,
1410226,2024,2024-05-24,"Old Trafford, Manchester",2,35.1,Lancashire,Warwickshire,KK Jennings,GP Balderson,MD Rae,0,0,,,,,,,,,
1410226,2024,2024-05-24,"Old Trafford, Manchester",2,35.2,Lancashire,Warwickshire,KK Jennings,GP Balderson,MD Rae,0,0,,,,,,,,,
1410226,2024,2024-05-24,"Old Trafford, Manchester",2,35.3,Lancashire,Warwickshire,KK Jennings,GP Balderson,MD Rae,0,0,,,,,,,,,
1410226,2024,2024-05-24,"Old Trafford, Manchester",2,35.4,Lancashire,Warwickshire,KK Jennings,GP Balderson,MD Rae,0,0,,,,,,,,,
1410226,2024,2024-05-24,"Old Trafford, Manchester",2,35.5,Lancashire,Warwickshire,KK Jennings,GP Balderson,MD Rae,0,0,,,,,,,,,
1410226,2024,2024-05-24,"Old Trafford, Manchester",2,35.6,Lancashire,Warwickshire,KK Jennings,GP Balderson,MD Rae,2,0,,,,,,,,,
1410226,2024,2024-05-24,"Old Trafford, Manchester",2,36.1,Lancashire,Warwickshire,GP Balderson,KK Jennings,OJ Hannon-Dalby,0,0,,,,,,,,,
1410226,2024,2024-05-24,"Old Trafford, Manchester",2,36.2,Lancashire,Warwickshire,GP Balderson,KK Jennings,OJ Hannon-Dalby,0,0,,,,,,,,,
1410226,2024,2024-05-24,"Old Trafford, Manchester",2,36.3,Lancashire,Warwickshire,GP Balderson,KK Jennings,OJ Hannon-Dalby,0,0,,,,,,,,,
1410226,2024,2024-05-24,"Old Trafford, Manchester",2,36.4,Lancashire,Warwickshire,GP Balderson,KK Jennings,OJ Hannon-Dalby,0,0,,,,,,,,,
1410226,2024,2024-05-24,"Old Trafford, Manchester",2,36.5,Lancashire,Warwickshire,GP Balderson,KK Jennings,OJ Hannon-Dalby,0,0,,,,,,,,,
1410226,2024,2024-05-24,"Old Trafford, Manchester",2,36.6,Lancashire,Warwickshire,GP Balderson,KK Jennings,OJ Hannon-Dalby,0,0,,,,,,,,,
1410226,2024,2024-05-24,"Old Trafford, Manchester",2,37.1,Lancashire,Warwickshire,KK Jennings,GP Balderson,MD Rae,0,0,,,,,,,,,
1410226,2024,2024-05-24,"Old Trafford, Manchester",2,37.2,Lancashire,Warwickshire,KK Jennings,GP Balderson,MD Rae,1,0,,,,,,,,,
1410226,2024,2024-05-24,"Old Trafford, Manchester",2,37.3,Lancashire,Warwickshire,GP Balderson,KK Jennings,MD Rae,0,0,,,,,,,,,
1410226,2024,2024-05-24,"Old Trafford, Manchester",2,37.4,Lancashire,Warwickshire,GP Balderson,KK Jennings,MD Rae,0,0,,,,,,,,,
1410226,2024,2024-05-24,"Old Trafford, Manchester",2,37.5,Lancashire,Warwickshire,GP Balderson,KK Jennings,MD Rae,0,4,,,,4,,,,,
1410226,2024,2024-05-24,"Old Trafford, Manchester",2,37.6,Lancashire,Warwickshire,GP Balderson,KK Jennings,MD Rae,0,0,,,,,,,,,
1410226,2024,2024-05-24,"Old Trafford, Manchester",2,38.1,Lancashire,Warwickshire,KK Jennings,GP Balderson,OJ Hannon-Dalby,0,0,,,,,,,,,
1410226,2024,2024-05-24,"Old Trafford, Manchester",2,38.2,Lancashire,Warwickshire,KK Jennings,GP Balderson,OJ Hannon-Dalby,4,0,,,,,,,,,
1410226,2024,2024-05-24,"Old Trafford, Manchester",2,38.3,Lancashire,Warwickshire,KK Jennings,GP Balderson,OJ Hannon-Dalby,0,0,,,,,,,,,
1410226,2024,2024-05-24,"Old Trafford, Manchester",2,38.4,Lancashire,Warwickshire,KK Jennings,GP Balderson,OJ Hannon-Dalby,1,0,,,,,,,,,
1410226,2024,2024-05-24,"Old Trafford, Manchester",2,38.5,Lancashire,Warwickshire,GP Balderson,KK Jennings,OJ Hannon-Dalby,1,0,,,,,,,,,
1410226,2024,2024-05-24,"Old Trafford, Manchester",2,38.6,Lancashire,Warwickshire,KK Jennings,GP Balderson,OJ Hannon-Dalby,2,0,,,,,,,,,
1410226,2024,2024-05-24,"Old Trafford, Manchester",2,39.1,Lancashire,Warwickshire,GP Balderson,KK Jennings,MD Rae,0,0,,,,,,,,,
1410226,2024,2024-05-24,"Old Trafford, Manchester",2,39.2,Lancashire,Warwickshire,GP Balderson,KK Jennings,MD Rae,0,0,,,,,,,,,
1410226,2024,2024-05-24,"Old Trafford, Manchester",2,39.3,Lancashire,Warwickshire,GP Balderson,KK Jennings,MD Rae,1,0,,,,,,,,,
1410226,2024,2024-05-24,"Old Trafford, Manchester",2,39.4,Lancashire,Warwickshire,KK Jennings,GP Balderson,MD Rae,0,0,,,,,,,,,
1410226,2024,2024-05-24,"Old Trafford, Manchester",2,39.5,Lancashire,Warwickshire,KK Jennings,GP Balderson,MD Rae,3,0,,,,,,,,,
1410226,2024,2024-05-24,"Old Trafford, Manchester",2,39.6,Lancashire,Warwickshire,GP Balderson,KK Jennings,MD Rae,0,0,,,,,,,,,
1410226,2024,2024-05-24,"Old Trafford, Manchester",2,40.1,Lancashire,Warwickshire,KK Jennings,GP Balderson,OJ Hannon-Dalby,1,0,,,,,,,,,
1410226,2024,2024-05-24,"Old Trafford, Manchester",2,40.2,Lancashire,Warwickshire,GP Balderson,KK Jennings,OJ Hannon-Dalby,4,0,,,,,,,,,
1410226,2024,2024-05-24,"Old Trafford, Manchester",2,40.3,Lancashire,Warwickshire,GP Balderson,KK Jennings,OJ Hannon-Dalby,0,0,,,,,,,,,
1410226,2024,2024-05-24,"Old Trafford, Manchester",2,40.4,Lancashire,Warwickshire,GP Balderson,KK Jennings,OJ Hannon-Dalby,0,0,,,,,,,,,
1410226,2024,2024-05-24,"Old Trafford, Manchester",2,40.5,Lancashire,Warwickshire,GP Balderson,KK Jennings,OJ Hannon-Dalby,0,0,,,,,,,,,
1410226,2024,2024-05-24,"Old Trafford, Manchester",2,40.6,Lancashire,Warwickshire,GP Balderson,KK Jennings,OJ Hannon-Dalby,0,0,,,,,,,,,
1410226,2024,2024-05-24,"Old Trafford, Manchester",2,41.1,Lancashire,Warwickshire,KK Jennings,GP Balderson,MD Rae,0,0,,,,,,,,,
1410226,2024,2024-05-24,"Old Trafford, Manchester",2,41.2,Lancashire,Warwickshire,KK Jennings,GP Balderson,MD Rae,0,0,,,,,,,,,
1410226,2024,2024-05-24,"Old Trafford, Manchester",2,41.3,Lancashire,Warwickshire,KK Jennings,GP Balderson,MD Rae,2,0,,,,,,,,,
1410226,2024,2024-05-24,"Old Trafford, Manchester",2,41.4,Lancashire,Warwickshire,KK Jennings,GP Balderson,MD Rae,1,0,,,,,,,,,
1410226,2024,2024-05-24,"Old Trafford, Manchester",2,41.5,Lancashire,Warwickshire,GP Balderson,KK Jennings,MD Rae,0,0,,,,,,,,,
1410226,2024,2024-05-24,"Old Trafford, Manchester",2,41.6,Lancashire,Warwickshire,GP Balderson,KK Jennings,MD Rae,0,0,,,,,,,,,
1410226,2024,2024-05-24,"Old Trafford, Manchester",2,42.1,Lancashire,Warwickshire,KK Jennings,GP Balderson,OJ Hannon-Dalby,1,0,,,,,,,,,
1410226,2024,2024-05-24,"Old Trafford, Manchester",2,42.2,Lancashire,Warwickshire,GP Balderson,KK Jennings,OJ Hannon-Dalby,0,0,,,,,,,,,
1410226,2024,2024-05-24,"Old Trafford, Manchester",2,42.3,Lancashire,Warwickshire,GP Balderson,KK Jennings,OJ Hannon-Dalby,0,0,,,,,,,,,
1410226,2024,2024-05-24,"Old Trafford, Manchester",2,42.4,Lancashire,Warwickshire,GP Balderson,KK Jennings,OJ Hannon-Dalby,1,0,,,,,,,,,
1410226,2024,2024-05-24,"Old Trafford, Manchester",2,42.5,Lancashire,Warwickshire,KK Jennings,GP Balderson,OJ Hannon-Dalby,0,0,,,,,,,,,
1410226,2024,2024-05-24,"Old Trafford, Manchester",2,42.6,Lancashire,Warwickshire,KK Jennings,GP Balderson,OJ Hannon-Dalby,0,0,,,,,,,,,
1410226,2024,2024-05-24,"Old Trafford, Manchester",2,43.1,Lancashire,Warwickshire,GP Balderson,KK Jennings,MD Rae,0,0,,,,,,,,,
1410226,2024,2024-05-24,"Old Trafford, Manchester",2,43.2,Lancashire,Warwickshire,GP Balderson,KK Jennings,MD Rae,1,0,,,,,,,,,
1410226,2024,2024-05-24,"Old Trafford, Manchester",2,43.3,Lancashire,Warwickshire,KK Jennings,GP Balderson,MD Rae,0,0,,,,,,,,,
1410226,2024,2024-05-24,"Old Trafford, Manchester",2,43.4,Lancashire,Warwickshire,KK Jennings,GP Balderson,MD Rae,0,0,,,,,,,,,
1410226,2024,2024-05-24,"Old Trafford, Manchester",2,43.5,Lancashire,Warwickshire,KK Jennings,GP Balderson,MD Rae,0,0,,,,,,,,,
1410226,2024,2024-05-24,"Old Trafford, Manchester",2,43.6,Lancashire,Warwickshire,KK Jennings,GP Balderson,MD Rae,0,1,,,,1,,,,,
1410226,2024,2024-05-24,"Old Trafford, Manchester",2,44.1,Lancashire,Warwickshire,KK Jennings,GP Balderson,JG Bethell,0,0,,,,,,,,,
1410226,2024,2024-05-24,"Old Trafford, Manchester",2,44.2,Lancashire,Warwickshire,KK Jennings,GP Balderson,JG Bethell,0,0,,,,,,,,,
1410226,2024,2024-05-24,"Old Trafford, Manchester",2,44.3,Lancashire,Warwickshire,KK Jennings,GP Balderson,JG Bethell,0,0,,,,,,,,,
1410226,2024,2024-05-24,"Old Trafford, Manchester",2,44.4,Lancashire,Warwickshire,KK Jennings,GP Balderson,JG Bethell,2,0,,,,,,,,,
1410226,2024,2024-05-24,"Old Trafford, Manchester",2,44.5,Lancashire,Warwickshire,KK Jennings,GP Balderson,JG Bethell,0,0,,,,,,,,,
1410226,2024,2024-05-24,"Old Trafford, Manchester",2,44.6,Lancashire,Warwickshire,KK Jennings,GP Balderson,JG Bethell,0,0,,,,,,,,,
1410226,2024,2024-05-24,"Old Trafford, Manchester",2,45.1,Lancashire,Warwickshire,GP Balderson,KK Jennings,Hasan Ali,0,0,,,,,,,,,
1410226,2024,2024-05-24,"Old Trafford, Manchester",2,45.2,Lancashire,Warwickshire,GP Balderson,KK Jennings,Hasan Ali,0,0,,,,,,,,,
1410226,2024,2024-05-24,"Old Trafford, Manchester",2,45.3,Lancashire,Warwickshire,GP Balderson,KK Jennings,Hasan Ali,0,0,,,,,,,,,
1410226,2024,2024-05-24,"Old Trafford, Manchester",2,45.4,Lancashire,Warwickshire,GP Balderson,KK Jennings,Hasan Ali,0,0,,,,,,,,,
1410226,2024,2024-05-24,"Old Trafford, Manchester",2,45.5,Lancashire,Warwickshire,GP Balderson,KK Jennings,Hasan Ali,0,0,,,,,,,,,
1410226,2024,2024-05-24,"Old Trafford, Manchester",2,45.6,Lancashire,Warwickshire,GP Balderson,KK Jennings,Hasan Ali,0,0,,,,,,,,,
1410226,2024,2024-05-24,"Old Trafford, Manchester",2,46.1,Lancashire,Warwickshire,KK Jennings,GP Balderson,JG Bethell,0,0,,,,,,,,,
1410226,2024,2024-05-24,"Old Trafford, Manchester",2,46.2,Lancashire,Warwickshire,KK Jennings,GP Balderson,JG Bethell,1,0,,,,,,,,,
1410226,2024,2024-05-24,"Old Trafford, Manchester",2,46.3,Lancashire,Warwickshire,GP Balderson,KK Jennings,JG Bethell,0,0,,,,,,,,,
1410226,2024,2024-05-24,"Old Trafford, Manchester",2,46.4,Lancashire,Warwickshire,GP Balderson,KK Jennings,JG Bethell,0,0,,,,,,caught,GP Balderson,,
1410226,2024,2024-05-24,"Old Trafford, Manchester",2,46.5,Lancashire,Warwickshire,MF Hurst,KK Jennings,JG Bethell,0,0,,,,,,,,,
1410226,2024,2024-05-24,"Old Trafford, Manchester",2,46.6,Lancashire,Warwickshire,MF Hurst,KK Jennings,JG Bethell,0,0,,,,,,,,,
1410226,2024,2024-05-24,"Old Trafford, Manchester",2,47.1,Lancashire,Warwickshire,KK Jennings,MF Hurst,Hasan Ali,1,0,,,,,,,,,
1410226,2024,2024-05-24,"Old Trafford, Manchester",2,47.2,Lancashire,Warwickshire,MF Hurst,KK Jennings,Hasan Ali,0,0,,,,,,,,,
1410226,2024,2024-05-24,"Old Trafford, Manchester",2,47.3,Lancashire,Warwickshire,MF Hurst,KK Jennings,Hasan Ali,0,0,,,,,,,,,
1410226,2024,2024-05-24,"Old Trafford, Manchester",2,47.4,Lancashire,Warwickshire,MF Hurst,KK Jennings,Hasan Ali,0,0,,,,,,,,,
1410226,2024,2024-05-24,"Old Trafford, Manchester",2,47.5,Lancashire,Warwickshire,MF Hurst,KK Jennings,Hasan Ali,2,0,,,,,,,,,
1410226,2024,2024-05-24,"Old Trafford, Manchester",2,47.6,Lancashire,Warwickshire,MF Hurst,KK Jennings,Hasan Ali,0,0,,,,,,,,,
1410226,2024,2024-05-24,"Old Trafford, Manchester",2,48.1,Lancashire,Warwickshire,KK Jennings,MF Hurst,JG Bethell,0,0,,,,,,,,,
1410226,2024,2024-05-24,"Old Trafford, Manchester",2,48.2,Lancashire,Warwickshire,KK Jennings,MF Hurst,JG Bethell,0,0,,,,,,,,,
1410226,2024,2024-05-24,"Old Trafford, Manchester",2,48.3,Lancashire,Warwickshire,KK Jennings,MF Hurst,JG Bethell,0,0,,,,,,,,,
1410226,2024,2024-05-24,"Old Trafford, Manchester",2,48.4,Lancashire,Warwickshire,KK Jennings,MF Hurst,JG Bethell,0,0,,,,,,,,,
1410226,2024,2024-05-24,"Old Trafford, Manchester",2,48.5,Lancashire,Warwickshire,KK Jennings,MF Hurst,JG Bethell,0,0,,,,,,,,,
1410226,2024,2024-05-24,"Old Trafford, Manchester",2,48.6,Lancashire,Warwickshire,KK Jennings,MF Hurst,JG Bethell,0,0,,,,,,lbw,KK Jennings,,
1410226,2024,2024-05-24,"Old Trafford, Manchester",2,49.1,Lancashire,Warwickshire,MF Hurst,TH Aspinwall,Hasan Ali,0,0,,,,,,,,,
1410226,2024,2024-05-24,"Old Trafford, Manchester",2,49.2,Lancashire,Warwickshire,MF Hurst,TH Aspinwall,Hasan Ali,0,0,,,,,,,,,
1410226,2024,2024-05-24,"Old Trafford, Manchester",2,49.3,Lancashire,Warwickshire,MF Hurst,TH Aspinwall,Hasan Ali,0,0,,,,,,,,,
1410226,2024,2024-05-24,"Old Trafford, Manchester",2,49.4,Lancashire,Warwickshire,MF Hurst,TH Aspinwall,Hasan Ali,0,0,,,,,,,,,
1410226,2024,2024-05-24,"Old Trafford, Manchester",2,49.5,Lancashire,Warwickshire,MF Hurst,TH Aspinwall,Hasan Ali,0,0,,,,,,,,,
1410226,2024,2024-05-24,"Old Trafford, Manchester",2,49.6,Lancashire,Warwickshire,MF Hurst,TH Aspinwall,Hasan Ali,4,0,,,,,,,,,
1410226,2024,2024-05-24,"Old Trafford, Manchester",2,50.1,Lancashire,Warwickshire,TH Aspinwall,MF Hurst,JG Bethell,0,0,,,,,,,,,
1410226,2024,2024-05-24,"Old Trafford, Manchester",2,50.2,Lancashire,Warwickshire,TH Aspinwall,MF Hurst,JG Bethell,0,0,,,,,,,,,
1410226,2024,2024-05-24,"Old Trafford, Manchester",2,50.3,Lancashire,Warwickshire,TH Aspinwall,MF Hurst,JG Bethell,3,0,,,,,,,,,
1410226,2024,2024-05-24,"Old Trafford, Manchester",2,50.4,Lancashire,Warwickshire,MF Hurst,TH Aspinwall,JG Bethell,1,0,,,,,,,,,
1410226,2024,2024-05-24,"Old Trafford, Manchester",2,50.5,Lancashire,Warwickshire,TH Aspinwall,MF Hurst,JG Bethell,0,0,,,,,,caught,TH Aspinwall,,
1410226,2024,2024-05-24,"Old Trafford, Manchester",2,50.6,Lancashire,Warwickshire,TE Bailey,MF Hurst,JG Bethell,1,0,,,,,,,,,
1410226,2024,2024-05-24,"Old Trafford, Manchester",2,51.1,Lancashire,Warwickshire,TE Bailey,MF Hurst,RM Yates,0,0,,,,,,,,,
1410226,2024,2024-05-24,"Old Trafford, Manchester",2,51.2,Lancashire,Warwickshire,TE Bailey,MF Hurst,RM Yates,0,0,,,,,,,,,
1410226,2024,2024-05-24,"Old Trafford, Manchester",2,51.3,Lancashire,Warwickshire,TE Bailey,MF Hurst,RM Yates,1,0,,,,,,,,,
1410226,2024,2024-05-24,"Old Trafford, Manchester",2,51.4,Lancashire,Warwickshire,MF Hurst,TE Bailey,RM Yates,0,0,,,,,,,,,
1410226,2024,2024-05-24,"Old Trafford, Manchester",2,51.5,Lancashire,Warwickshire,MF Hurst,TE Bailey,RM Yates,0,0,,,,,,,,,
1410226,2024,2024-05-24,"Old Trafford, Manchester",2,51.6,Lancashire,Warwickshire,MF Hurst,TE Bailey,RM Yates,0,0,,,,,,,,,
1410226,2024,2024-05-24,"Old Trafford, Manchester",2,52.1,Lancashire,Warwickshire,TE Bailey,MF Hurst,JG Bethell,0,0,,,,,,,,,
1410226,2024,2024-05-24,"Old Trafford, Manchester",2,52.2,Lancashire,Warwickshire,TE Bailey,MF Hurst,JG Bethell,0,0,,,,,,,,,
1410226,2024,2024-05-24,"Old Trafford, Manchester",2,52.3,Lancashire,Warwickshire,TE Bailey,MF Hurst,JG Bethell,0,0,,,,,,,,,
1410226,2024,2024-05-24,"Old Trafford, Manchester",2,52.4,Lancashire,Warwickshire,TE Bailey,MF Hurst,JG Bethell,0,0,,,,,,,,,
1410226,2024,2024-05-24,"Old Trafford, Manchester",2,52.5,Lancashire,Warwickshire,TE Bailey,MF Hurst,JG Bethell,0,0,,,,,,,,,
1410226,2024,2024-05-24,"Old Trafford, Manchester",2,52.6,Lancashire,Warwickshire,TE Bailey,MF Hurst,JG Bethell,0,0,,,,,,,,,
1410226,2024,2024-05-24,"Old Trafford, Manchester",2,53.1,Lancashire,Warwickshire,MF Hurst,TE Bailey,RM Yates,4,0,,,,,,,,,
1410226,2024,2024-05-24,"Old Trafford, Manchester",2,53.2,Lancashire,Warwickshire,MF Hurst,TE Bailey,RM Yates,1,0,,,,,,,,,
1410226,2024,2024-05-24,"Old Trafford, Manchester",2,53.3,Lancashire,Warwickshire,TE Bailey,MF Hurst,RM Yates,0,0,,,,,,,,,
1410226,2024,2024-05-24,"Old Trafford, Manchester",2,53.4,Lancashire,Warwickshire,TE Bailey,MF Hurst,RM Yates,0,0,,,,,,,,,
1410226,2024,2024-05-24,"Old Trafford, Manchester",2,53.5,Lancashire,Warwickshire,TE Bailey,MF Hurst,RM Yates,2,0,,,,,,,,,
1410226,2024,2024-05-24,"Old Trafford, Manchester",2,53.6,Lancashire,Warwickshire,TE Bailey,MF Hurst,RM Yates,0,0,,,,,,,,,
1410226,2024,2024-05-24,"Old Trafford, Manchester",2,54.1,Lancashire,Warwickshire,MF Hurst,TE Bailey,JG Bethell,0,0,,,,,,,,,
1410226,2024,2024-05-24,"Old Trafford, Manchester",2,54.2,Lancashire,Warwickshire,MF Hurst,TE Bailey,JG Bethell,0,0,,,,,,,,,
1410226,2024,2024-05-24,"Old Trafford, Manchester",2,54.3,Lancashire,Warwickshire,MF Hurst,TE Bailey,JG Bethell,1,0,,,,,,,,,
1410226,2024,2024-05-24,"Old Trafford, Manchester",2,54.4,Lancashire,Warwickshire,TE Bailey,MF Hurst,JG Bethell,0,0,,,,,,,,,
1410226,2024,2024-05-24,"Old Trafford, Manchester",2,54.5,Lancashire,Warwickshire,TE Bailey,MF Hurst,JG Bethell,0,0,,,,,,,,,
1410226,2024,2024-05-24,"Old Trafford, Manchester",2,54.6,Lancashire,Warwickshire,TE Bailey,MF Hurst,JG Bethell,0,0,,,,,,,,,
1410226,2024,2024-05-24,"Old Trafford, Manchester",2,55.1,Lancashire,Warwickshire,MF Hurst,TE Bailey,RM Yates,0,0,,,,,,,,,
1410226,2024,2024-05-24,"Old Trafford, Manchester",2,55.2,Lancashire,Warwickshire,MF Hurst,TE Bailey,RM Yates,1,0,,,,,,,,,
1410226,2024,2024-05-24,"Old Trafford, Manchester",2,55.3,Lancashire,Warwickshire,TE Bailey,MF Hurst,RM Yates,0,1,,,1,,,,,,
1410226,2024,2024-05-24,"Old Trafford, Manchester",2,55.4,Lancashire,Warwickshire,MF Hurst,TE Bailey,RM Yates,0,0,,,,,,,,,
1410226,2024,2024-05-24,"Old Trafford, Manchester",2,55.5,Lancashire,Warwickshire,MF Hurst,TE Bailey,RM Yates,0,0,,,,,,,,,
1410226,2024,2024-05-24,"Old Trafford, Manchester",2,55.6,Lancashire,Warwickshire,MF Hurst,TE Bailey,RM Yates,0,0,,,,,,,,,
1410226,2024,2024-05-24,"Old Trafford, Manchester",2,56.1,Lancashire,Warwickshire,TE Bailey,MF Hurst,JG Bethell,0,0,,,,,,stumped,TE Bailey,,
1410226,2024,2024-05-24,"Old Trafford, Manchester",2,56.2,Lancashire,Warwickshire,NM Lyon,MF Hurst,JG Bethell,0,0,,,,,,,,,
1410226,2024,2024-05-24,"Old Trafford, Manchester",2,56.3,Lancashire,Warwickshire,NM Lyon,MF Hurst,JG Bethell,0,0,,,,,,,,,
1410226,2024,2024-05-24,"Old Trafford, Manchester",2,56.4,Lancashire,Warwickshire,NM Lyon,MF Hurst,JG Bethell,0,0,,,,,,,,,
1410226,2024,2024-05-24,"Old Trafford, Manchester",2,56.5,Lancashire,Warwickshire,NM Lyon,MF Hurst,JG Bethell,4,0,,,,,,,,,
1410226,2024,2024-05-24,"Old Trafford, Manchester",2,56.6,Lancashire,Warwickshire,NM Lyon,MF Hurst,JG Bethell,0,0,,,,,,,,,
1410226,2024,2024-05-24,"Old Trafford, Manchester",2,57.1,Lancashire,Warwickshire,MF Hurst,NM Lyon,RM Yates,0,0,,,,,,,,,
1410226,2024,2024-05-24,"Old Trafford, Manchester",2,57.2,Lancashire,Warwickshire,MF Hurst,NM Lyon,RM Yates,0,0,,,,,,,,,
1410226,2024,2024-05-24,"Old Trafford, Manchester",2,57.3,Lancashire,Warwickshire,MF Hurst,NM Lyon,RM Yates,0,0,,,,,,,,,
1410226,2024,2024-05-24,"Old Trafford, Manchester",2,57.4,Lancashire,Warwickshire,MF Hurst,NM Lyon,RM Yates,0,0,,,,,,,,,
1410226,2024,2024-05-24,"Old Trafford, Manchester",2,57.5,Lancashire,Warwickshire,MF Hurst,NM Lyon,RM Yates,0,0,,,,,,,,,
1410226,2024,2024-05-24,"Old Trafford, Manchester",2,57.6,Lancashire,Warwickshire,MF Hurst,NM Lyon,RM Yates,0,0,,,,,,,,,
1410226,2024,2024-05-24,"Old Trafford, Manchester",2,58.1,Lancashire,Warwickshire,NM Lyon,MF Hurst,JG Bethell,0,0,,,,,,,,,
1410226,2024,2024-05-24,"Old Trafford, Manchester",2,58.2,Lancashire,Warwickshire,NM Lyon,MF Hurst,JG Bethell,0,0,,,,,,,,,
1410226,2024,2024-05-24,"Old Trafford, Manchester",2,58.3,Lancashire,Warwickshire,NM Lyon,MF Hurst,JG Bethell,0,0,,,,,,,,,
1410226,2024,2024-05-24,"Old Trafford, Manchester",2,58.4,Lancashire,Warwickshire,NM Lyon,MF Hurst,JG Bethell,0,0,,,,,,,,,
1410226,2024,2024-05-24,"Old Trafford, Manchester",2,58.5,Lancashire,Warwickshire,NM Lyon,MF Hurst,JG Bethell,0,0,,,,,,,,,
1410226,2024,2024-05-24,"Old Trafford, Manchester",2,58.6,Lancashire,Warwickshire,NM Lyon,MF Hurst,JG Bethell,0,0,,,,,,,,,
1410226,2024,2024-05-24,"Old Trafford, Manchester",2,59.1,Lancashire,Warwickshire,MF Hurst,NM Lyon,RM Yates,0,0,,,,,,,,,
1410226,2024,2024-05-24,"Old Trafford, Manchester",2,59.2,Lancashire,Warwickshire,MF Hurst,NM Lyon,RM Yates,0,0,,,,,,,,,
1410226,2024,2024-05-24,"Old Trafford, Manchester",2,59.3,Lancashire,Warwickshire,MF Hurst,NM Lyon,RM Yates,0,0,,,,,,,,,
1410226,2024,2024-05-24,"Old Trafford, Manchester",2,59.4,Lancashire,Warwickshire,MF Hurst,NM Lyon,RM Yates,0,0,,,,,,,,,
1410226,2024,2024-05-24,"Old Trafford, Manchester",2,59.5,Lancashire,Warwickshire,MF Hurst,NM Lyon,RM Yates,0,0,,,,,,,,,
1410226,2024,2024-05-24,"Old Trafford, Manchester",2,59.6,Lancashire,Warwickshire,MF Hurst,NM Lyon,RM Yates,0,0,,,,,,,,,
1410226,2024,2024-05-24,"Old Trafford, Manchester",2,60.1,Lancashire,Warwickshire,NM Lyon,MF Hurst,JG Bethell,1,0,,,,,,,,,
1410226,2024,2024-05-24,"Old Trafford, Manchester",2,60.2,Lancashire,Warwickshire,MF Hurst,NM Lyon,JG Bethell,1,0,,,,,,,,,
1410226,2024,2024-05-24,"Old Trafford, Manchester",2,60.3,Lancashire,Warwickshire,NM Lyon,MF Hurst,JG Bethell,0,0,,,,,,,,,
1410226,2024,2024-05-24,"Old Trafford, Manchester",2,60.4,Lancashire,Warwickshire,NM Lyon,MF Hurst,JG Bethell,0,0,,,,,,,,,
1410226,2024,2024-05-24,"Old Trafford, Manchester",2,60.5,Lancashire,Warwickshire,NM Lyon,MF Hurst,JG Bethell,0,0,,,,,,,,,
1410226,2024,2024-05-24,"Old Trafford, Manchester",2,60.6,Lancashire,Warwickshire,NM Lyon,MF Hurst,JG Bethell,1,0,,,,,,,,,
1410226,2024,2024-05-24,"Old Trafford, Manchester",2,61.1,Lancashire,Warwickshire,NM Lyon,MF Hurst,JB Lintott,1,0,,,,,,,,,
1410226,2024,2024-05-24,"Old Trafford, Manchester",2,61.2,Lancashire,Warwickshire,MF Hurst,NM Lyon,JB Lintott,0,0,,,,,,,,,
1410226,2024,2024-05-24,"Old Trafford, Manchester",2,61.3,Lancashire,Warwickshire,MF Hurst,NM Lyon,JB Lintott,1,0,,,,,,,,,
1410226,2024,2024-05-24,"Old Trafford, Manchester",2,61.4,Lancashire,Warwickshire,NM Lyon,MF Hurst,JB Lintott,0,0,,,,,,,,,
1410226,2024,2024-05-24,"Old Trafford, Manchester",2,61.5,Lancashire,Warwickshire,NM Lyon,MF Hurst,JB Lintott,0,0,,,,,,caught,NM Lyon,,
1410226,2024,2024-05-24,"Old Trafford, Manchester",2,61.6,Lancashire,Warwickshire,JP Morley,MF Hurst,JB Lintott,0,0,,,,,,,,,
1410226,2024,2024-05-24,"Old Trafford, Manchester",2,62.1,Lancashire,Warwickshire,MF Hurst,JP Morley,JG Bethell,0,0,,,,,,,,,
1410226,2024,2024-05-24,"Old Trafford, Manchester",2,62.2,Lancashire,Warwickshire,MF Hurst,JP Morley,JG Bethell,0,0,,,,,,,,,
1410226,2024,2024-05-24,"Old Trafford, Manchester",2,62.3,Lancashire,Warwickshire,MF Hurst,JP Morley,JG Bethell,0,0,,,,,,,,,
1410226,2024,2024-05-24,"Old Trafford, Manchester",2,62.4,Lancashire,Warwickshire,MF Hurst,JP Morley,JG Bethell,0,0,,,,,,,,,
1410226,2024,2024-05-24,"Old Trafford, Manchester",2,62.5,Lancashire,Warwickshire,MF Hurst,JP Morley,JG Bethell,0,0,,,,,,,,,
1410226,2024,2024-05-24,"Old Trafford, Manchester",2,62.6,Lancashire,Warwickshire,MF Hurst,JP Morley,JG Bethell,2,0,,,,,,,,,
1410226,2024,2024-05-24,"Old Trafford, Manchester",2,63.1,Lancashire,Warwickshire,JP Morley,MF Hurst,JB Lintott,0,0,,,,,,,,,
1410226,2024,2024-05-24,"Old Trafford, Manchester",2,63.2,Lancashire,Warwickshire,JP Morley,MF Hurst,JB Lintott,0,0,,,,,,,,,
1410226,2024,2024-05-24,"Old Trafford, Manchester",2,63.3,Lancashire,Warwickshire,JP Morley,MF Hurst,JB Lintott,0,0,,,,,,,,,
1410226,2024,2024-05-24,"Old Trafford, Manchester",2,63.4,Lancashire,Warwickshire,JP Morley,MF Hurst,JB Lintott,0,0,,,,,,,,,
1410226,2024,2024-05-24,"Old Trafford, Manchester",2,63.5,Lancashire,Warwickshire,JP Morley,MF Hurst,JB Lintott,0,0,,,,,,,,,
1410226,2024,2024-05-24,"Old Trafford, Manchester",2,63.6,Lancashire,Warwickshire,JP Morley,MF Hurst,JB Lintott,0,0,,,,,,,,,
1410226,2024,2024-05-24,"Old Trafford, Manchester",2,64.1,Lancashire,Warwickshire,MF Hurst,JP Morley,JG Bethell,0,0,,,,,,,,,
1410226,2024,2024-05-24,"Old Trafford, Manchester",2,64.2,Lancashire,Warwickshire,MF Hurst,JP Morley,JG Bethell,0,0,,,,,,,,,
1410226,2024,2024-05-24,"Old Trafford, Manchester",2,64.3,Lancashire,Warwickshire,MF Hurst,JP Morley,JG Bethell,1,0,,,,,,,,,
1410226,2024,2024-05-24,"Old Trafford, Manchester",2,64.4,Lancashire,Warwickshire,JP Morley,MF Hurst,JG Bethell,0,0,,,,,,,,,
1410226,2024,2024-05-24,"Old Trafford, Manchester",2,64.5,Lancashire,Warwickshire,JP Morley,MF Hurst,JG Bethell,0,0,,,,,,,,,
1410226,2024,2024-05-24,"Old Trafford, Manchester",2,64.6,Lancashire,Warwickshire,JP Morley,MF Hurst,JG Bethell,0,0,,,,,,,,,
1410226,2024,2024-05-24,"Old Trafford, Manchester",2,65.1,Lancashire,Warwickshire,MF Hurst,JP Morley,JB Lintott,0,0,,,,,,,,,
1410226,2024,2024-05-24,"Old Trafford, Manchester",2,65.2,Lancashire,Warwickshire,MF Hurst,JP Morley,JB Lintott,0,0,,,,,,,,,
1410226,2024,2024-05-24,"Old Trafford, Manchester",2,65.3,Lancashire,Warwickshire,MF Hurst,JP Morley,JB Lintott,0,0,,,,,,,,,
1410226,2024,2024-05-24,"Old Trafford, Manchester",2,65.4,Lancashire,Warwickshire,MF Hurst,JP Morley,JB Lintott,1,0,,,,,,,,,
1410226,2024,2024-05-24,"Old Trafford, Manchester",2,65.5,Lancashire,Warwickshire,JP Morley,MF Hurst,JB Lintott,0,0,,,,,,lbw,JP Morley,,
1410226,2024,2024-05-24,"Old Trafford, Manchester",3,0.1,Warwickshire,Lancashire,RM Yates,AL Davies,TE Bailey,0,0,,,,,,,,,
1410226,2024,2024-05-24,"Old Trafford, Manchester",3,0.2,Warwickshire,Lancashire,RM Yates,AL Davies,TE Bailey,0,0,,,,,,,,,
1410226,2024,2024-05-24,"Old Trafford, Manchester",3,0.3,Warwickshire,Lancashire,RM Yates,AL Davies,TE Bailey,1,0,,,,,,,,,
1410226,2024,2024-05-24,"Old Trafford, Manchester",3,0.4,Warwickshire,Lancashire,AL Davies,RM Yates,TE Bailey,0,0,,,,,,,,,
1410226,2024,2024-05-24,"Old Trafford, Manchester",3,0.5,Warwickshire,Lancashire,AL Davies,RM Yates,TE Bailey,4,0,,,,,,,,,
1410226,2024,2024-05-24,"Old Trafford, Manchester",3,0.6,Warwickshire,Lancashire,AL Davies,RM Yates,TE Bailey,1,0,,,,,,,,,
1410226,2024,2024-05-24,"Old Trafford, Manchester",3,1.1,Warwickshire,Lancashire,AL Davies,RM Yates,GP Balderson,2,0,,,,,,,,,
1410226,2024,2024-05-24,"Old Trafford, Manchester",3,1.2,Warwickshire,Lancashire,AL Davies,RM Yates,GP Balderson,0,0,,,,,,,,,
1410226,2024,2024-05-24,"Old Trafford, Manchester",3,1.3,Warwickshire,Lancashire,AL Davies,RM Yates,GP Balderson,0,0,,,,,,,,,
1410226,2024,2024-05-24,"Old Trafford, Manchester",3,1.4,Warwickshire,Lancashire,AL Davies,RM Yates,GP Balderson,1,0,,,,,,,,,
1410226,2024,2024-05-24,"Old Trafford, Manchester",3,1.5,Warwickshire,Lancashire,RM Yates,AL Davies,GP Balderson,0,0,,,,,,,,,
1410226,2024,2024-05-24,"Old Trafford, Manchester",3,1.6,Warwickshire,Lancashire,RM Yates,AL Davies,GP Balderson,0,0,,,,,,,,,
1410226,2024,2024-05-24,"Old Trafford, Manchester",3,2.1,Warwickshire,Lancashire,AL Davies,RM Yates,TE Bailey,0,0,,,,,,,,,
1410226,2024,2024-05-24,"Old Trafford, Manchester",3,2.2,Warwickshire,Lancashire,AL Davies,RM Yates,TE Bailey,1,0,,,,,,,,,
1410226,2024,2024-05-24,"Old Trafford, Manchester",3,2.3,Warwickshire,Lancashire,RM Yates,AL Davies,TE Bailey,0,0,,,,,,,,,
1410226,2024,2024-05-24,"Old Trafford, Manchester",3,2.4,Warwickshire,Lancashire,RM Yates,AL Davies,TE Bailey,4,0,,,,,,,,,
1410226,2024,2024-05-24,"Old Trafford, Manchester",3,2.5,Warwickshire,Lancashire,RM Yates,AL Davies,TE Bailey,0,0,,,,,,,,,
1410226,2024,2024-05-24,"Old Trafford, Manchester",3,2.6,Warwickshire,Lancashire,RM Yates,AL Davies,TE Bailey,0,0,,,,,,,,,
1410226,2024,2024-05-24,"Old Trafford, Manchester",3,3.1,Warwickshire,Lancashire,AL Davies,RM Yates,GP Balderson,1,0,,,,,,,,,
1410226,2024,2024-05-24,"Old Trafford, Manchester",3,3.2,Warwickshire,Lancashire,RM Yates,AL Davies,GP Balderson,0,0,,,,,,,,,
1410226,2024,2024-05-24,"Old Trafford, Manchester",3,3.3,Warwickshire,Lancashire,RM Yates,AL Davies,GP Balderson,0,0,,,,,,,,,
1410226,2024,2024-05-24,"Old Trafford, Manchester",3,3.4,Warwickshire,Lancashire,RM Yates,AL Davies,GP Balderson,0,0,,,,,,caught,RM Yates,,
1410226,2024,2024-05-24,"Old Trafford, Manchester",3,3.5,Warwickshire,Lancashire,WMH Rhodes,AL Davies,GP Balderson,0,0,,,,,,,,,
1410226,2024,2024-05-24,"Old Trafford, Manchester",3,3.6,Warwickshire,Lancashire,WMH Rhodes,AL Davies,GP Balderson,0,0,,,,,,,,,
1410226,2024,2024-05-24,"Old Trafford, Manchester",3,4.1,Warwickshire,Lancashire,AL Davies,WMH Rhodes,TE Bailey,0,0,,,,,,,,,
1410226,2024,2024-05-24,"Old Trafford, Manchester",3,4.2,Warwickshire,Lancashire,AL Davies,WMH Rhodes,TE Bailey,1,0,,,,,,,,,
1410226,2024,2024-05-24,"Old Trafford, Manchester",3,4.3,Warwickshire,Lancashire,WMH Rhodes,AL Davies,TE Bailey,0,0,,,,,,,,,
1410226,2024,2024-05-24,"Old Trafford, Manchester",3,4.4,Warwickshire,Lancashire,WMH Rhodes,AL Davies,TE Bailey,0,0,,,,,,,,,
1410226,2024,2024-05-24,"Old Trafford, Manchester",3,4.5,Warwickshire,Lancashire,WMH Rhodes,AL Davies,TE Bailey,0,0,,,,,,,,,
1410226,2024,2024-05-24,"Old Trafford, Manchester",3,4.6,Warwickshire,Lancashire,WMH Rhodes,AL Davies,TE Bailey,0,0,,,,,,,,,
1410226,2024,2024-05-24,"Old Trafford, Manchester",3,5.1,Warwickshire,Lancashire,AL Davies,WMH Rhodes,GP Balderson,1,0,,,,,,,,,
1410226,2024,2024-05-24,"Old Trafford, Manchester",3,5.2,Warwickshire,Lancashire,WMH Rhodes,AL Davies,GP Balderson,0,0,,,,,,,,,
1410226,2024,2024-05-24,"Old Trafford, Manchester",3,5.3,Warwickshire,Lancashire,WMH Rhodes,AL Davies,GP Balderson,0,0,,,,,,,,,
1410226,2024,2024-05-24,"Old Trafford, Manchester",3,5.4,Warwickshire,Lancashire,WMH Rhodes,AL Davies,GP Balderson,0,0,,,,,,,,,
1410226,2024,2024-05-24,"Old Trafford, Manchester",3,5.5,Warwickshire,Lancashire,WMH Rhodes,AL Davies,GP Balderson,0,0,,,,,,,,,
1410226,2024,2024-05-24,"Old Trafford, Manchester",3,5.6,Warwickshire,Lancashire,WMH Rhodes,AL Davies,GP Balderson,0,0,,,,,,,,,
1410226,2024,2024-05-24,"Old Trafford, Manchester",3,6.1,Warwickshire,Lancashire,AL Davies,WMH Rhodes,TE Bailey,1,0,,,,,,,,,
1410226,2024,2024-05-24,"Old Trafford, Manchester",3,6.2,Warwickshire,Lancashire,WMH Rhodes,AL Davies,TE Bailey,0,0,,,,,,,,,
1410226,2024,2024-05-24,"Old Trafford, Manchester",3,6.3,Warwickshire,Lancashire,WMH Rhodes,AL Davies,TE Bailey,0,0,,,,,,,,,
1410226,2024,2024-05-24,"Old Trafford, Manchester",3,6.4,Warwickshire,Lancashire,WMH Rhodes,AL Davies,TE Bailey,1,0,,,,,,,,,
1410226,2024,2024-05-24,"Old Trafford, Manchester",3,6.5,Warwickshire,Lancashire,AL Davies,WMH Rhodes,TE Bailey,0,0,,,,,,,,,
1410226,2024,2024-05-24,"Old Trafford, Manchester",3,6.6,Warwickshire,Lancashire,AL Davies,WMH Rhodes,TE Bailey,1,0,,,,,,,,,
1410226,2024,2024-05-24,"Old Trafford, Manchester",3,7.1,Warwickshire,Lancashire,AL Davies,WMH Rhodes,GP Balderson,1,0,,,,,,,,,
1410226,2024,2024-05-24,"Old Trafford, Manchester",3,7.2,Warwickshire,Lancashire,WMH Rhodes,AL Davies,GP Balderson,0,0,,,,,,,,,
1410226,2024,2024-05-24,"Old Trafford, Manchester",3,7.3,Warwickshire,Lancashire,WMH Rhodes,AL Davies,GP Balderson,0,0,,,,,,,,,
1410226,2024,2024-05-24,"Old Trafford, Manchester",3,7.4,Warwickshire,Lancashire,WMH Rhodes,AL Davies,GP Balderson,0,0,,,,,,,,,
1410226,2024,2024-05-24,"Old Trafford, Manchester",3,7.5,Warwickshire,Lancashire,WMH Rhodes,AL Davies,GP Balderson,0,0,,,,,,,,,
1410226,2024,2024-05-24,"Old Trafford, Manchester",3,7.6,Warwickshire,Lancashire,WMH Rhodes,AL Davies,GP Balderson,0,0,,,,,,,,,
1410226,2024,2024-05-24,"Old Trafford, Manchester",3,8.1,Warwickshire,Lancashire,AL Davies,WMH Rhodes,TE Bailey,1,0,,,,,,,,,
1410226,2024,2024-05-24,"Old Trafford, Manchester",3,8.2,Warwickshire,Lancashire,WMH Rhodes,AL Davies,TE Bailey,0,0,,,,,,,,,
1410226,2024,2024-05-24,"Old Trafford, Manchester",3,8.3,Warwickshire,Lancashire,WMH Rhodes,AL Davies,TE Bailey,0,0,,,,,,,,,
1410226,2024,2024-05-24,"Old Trafford, Manchester",3,8.4,Warwickshire,Lancashire,WMH Rhodes,AL Davies,TE Bailey,0,0,,,,,,,,,
1410226,2024,2024-05-24,"Old Trafford, Manchester",3,8.5,Warwickshire,Lancashire,WMH Rhodes,AL Davies,TE Bailey,0,0,,,,,,,,,
1410226,2024,2024-05-24,"Old Trafford, Manchester",3,8.6,Warwickshire,Lancashire,WMH Rhodes,AL Davies,TE Bailey,1,0,,,,,,,,,
1410226,2024,2024-05-24,"Old Trafford, Manchester",3,9.1,Warwickshire,Lancashire,WMH Rhodes,AL Davies,NM Lyon,0,0,,,,,,,,,
1410226,2024,2024-05-24,"Old Trafford, Manchester",3,9.2,Warwickshire,Lancashire,WMH Rhodes,AL Davies,NM Lyon,0,0,,,,,,,,,
1410226,2024,2024-05-24,"Old Trafford, Manchester",3,9.3,Warwickshire,Lancashire,WMH Rhodes,AL Davies,NM Lyon,0,0,,,,,,,,,
1410226,2024,2024-05-24,"Old Trafford, Manchester",3,9.4,Warwickshire,Lancashire,WMH Rhodes,AL Davies,NM Lyon,0,0,,,,,,,,,
1410226,2024,2024-05-24,"Old Trafford, Manchester",3,9.5,Warwickshire,Lancashire,WMH Rhodes,AL Davies,NM Lyon,0,0,,,,,,,,,
1410226,2024,2024-05-24,"Old Trafford, Manchester",3,9.6,Warwickshire,Lancashire,WMH Rhodes,AL Davies,NM Lyon,0,0,,,,,,,,,
1410226,2024,2024-05-24,"Old Trafford, Manchester",3,10.1,Warwickshire,Lancashire,AL Davies,WMH Rhodes,GP Balderson,0,0,,,,,,,,,
1410226,2024,2024-05-24,"Old Trafford, Manchester",3,10.2,Warwickshire,Lancashire,AL Davies,WMH Rhodes,GP Balderson,1,0,,,,,,,,,
1410226,2024,2024-05-24,"Old Trafford, Manchester",3,10.3,Warwickshire,Lancashire,WMH Rhodes,AL Davies,GP Balderson,0,0,,,,,,,,,
1410226,2024,2024-05-24,"Old Trafford, Manchester",3,10.4,Warwickshire,Lancashire,WMH Rhodes,AL Davies,GP Balderson,0,0,,,,,,,,,
1410226,2024,2024-05-24,"Old Trafford, Manchester",3,10.5,Warwickshire,Lancashire,WMH Rhodes,AL Davies,GP Balderson,0,0,,,,,,,,,
1410226,2024,2024-05-24,"Old Trafford, Manchester",3,10.6,Warwickshire,Lancashire,WMH Rhodes,AL Davies,GP Balderson,0,0,,,,,,,,,
1410226,2024,2024-05-24,"Old Trafford, Manchester",3,11.1,Warwickshire,Lancashire,AL Davies,WMH Rhodes,NM Lyon,0,0,,,,,,bowled,AL Davies,,
1410226,2024,2024-05-24,"Old Trafford, Manchester",3,11.2,Warwickshire,Lancashire,EG Barnard,WMH Rhodes,NM Lyon,0,0,,,,,,,,,
1410226,2024,2024-05-24,"Old Trafford, Manchester",3,11.3,Warwickshire,Lancashire,EG Barnard,WMH Rhodes,NM Lyon,1,0,,,,,,,,,
1410226,2024,2024-05-24,"Old Trafford, Manchester",3,11.4,Warwickshire,Lancashire,WMH Rhodes,EG Barnard,NM Lyon,0,0,,,,,,,,,
1410226,2024,2024-05-24,"Old Trafford, Manchester",3,11.5,Warwickshire,Lancashire,WMH Rhodes,EG Barnard,NM Lyon,0,0,,,,,,,,,
1410226,2024,2024-05-24,"Old Trafford, Manchester",3,11.6,Warwickshire,Lancashire,WMH Rhodes,EG Barnard,NM Lyon,0,0,,,,,,,,,
1410226,2024,2024-05-24,"Old Trafford, Manchester",3,12.1,Warwickshire,Lancashire,EG Barnard,WMH Rhodes,GP Balderson,0,0,,,,,,,,,
1410226,2024,2024-05-24,"Old Trafford, Manchester",3,12.2,Warwickshire,Lancashire,EG Barnard,WMH Rhodes,GP Balderson,0,0,,,,,,,,,
1410226,2024,2024-05-24,"Old Trafford, Manchester",3,12.3,Warwickshire,Lancashire,EG Barnard,WMH Rhodes,GP Balderson,0,0,,,,,,,,,
1410226,2024,2024-05-24,"Old Trafford, Manchester",3,12.4,Warwickshire,Lancashire,EG Barnard,WMH Rhodes,GP Balderson,0,0,,,,,,,,,
1410226,2024,2024-05-24,"Old Trafford, Manchester",3,12.5,Warwickshire,Lancashire,EG Barnard,WMH Rhodes,GP Balderson,0,0,,,,,,,,,
1410226,2024,2024-05-24,"Old Trafford, Manchester",3,12.6,Warwickshire,Lancashire,EG Barnard,WMH Rhodes,GP Balderson,2,0,,,,,,,,,
1410226,2024,2024-05-24,"Old Trafford, Manchester",3,13.1,Warwickshire,Lancashire,WMH Rhodes,EG Barnard,NM Lyon,0,0,,,,,,,,,
1410226,2024,2024-05-24,"Old Trafford, Manchester",3,13.2,Warwickshire,Lancashire,WMH Rhodes,EG Barnard,NM Lyon,0,0,,,,,,,,,
1410226,2024,2024-05-24,"Old Trafford, Manchester",3,13.3,Warwickshire,Lancashire,WMH Rhodes,EG Barnard,NM Lyon,0,0,,,,,,,,,
1410226,2024,2024-05-24,"Old Trafford, Manchester",3,13.4,Warwickshire,Lancashire,WMH Rhodes,EG Barnard,NM Lyon,1,0,,,,,,,,,
1410226,2024,2024-05-24,"Old Trafford, Manchester",3,13.5,Warwickshire,Lancashire,EG Barnard,WMH Rhodes,NM Lyon,2,0,,,,,,,,,
1410226,2024,2024-05-24,"Old Trafford, Manchester",3,13.6,Warwickshire,Lancashire,EG Barnard,WMH Rhodes,NM Lyon,0,0,,,,,,,,,
1410226,2024,2024-05-24,"Old Trafford, Manchester",3,14.1,Warwickshire,Lancashire,WMH Rhodes,EG Barnard,JP Morley,1,0,,,,,,,,,
1410226,2024,2024-05-24,"Old Trafford, Manchester",3,14.2,Warwickshire,Lancashire,EG Barnard,WMH Rhodes,JP Morley,1,0,,,,,,,,,
1410226,2024,2024-05-24,"Old Trafford, Manchester",3,14.3,Warwickshire,Lancashire,WMH Rhodes,EG Barnard,JP Morley,0,0,,,,,,,,,
1410226,2024,2024-05-24,"Old Trafford, Manchester",3,14.4,Warwickshire,Lancashire,WMH Rhodes,EG Barnard,JP Morley,1,0,,,,,,,,,
1410226,2024,2024-05-24,"Old Trafford, Manchester",3,14.5,Warwickshire,Lancashire,EG Barnard,WMH Rhodes,JP Morley,1,0,,,,,,,,,
1410226,2024,2024-05-24,"Old Trafford, Manchester",3,14.6,Warwickshire,Lancashire,WMH Rhodes,EG Barnard,JP Morley,0,0,,,,,,lbw,WMH Rhodes,,
1410226,2024,2024-05-24,"Old Trafford, Manchester",3,15.1,Warwickshire,Lancashire,EG Barnard,DR Mousley,NM Lyon,1,0,,,,,,,,,
1410226,2024,2024-05-24,"Old Trafford, Manchester",3,15.2,Warwickshire,Lancashire,DR Mousley,EG Barnard,NM Lyon,1,0,,,,,,,,,
1410226,2024,2024-05-24,"Old Trafford, Manchester",3,15.3,Warwickshire,Lancashire,EG Barnard,DR Mousley,NM Lyon,0,0,,,,,,,,,
1410226,2024,2024-05-24,"Old Trafford, Manchester",3,15.4,Warwickshire,Lancashire,EG Barnard,DR Mousley,NM Lyon,4,0,,,,,,,,,
1410226,2024,2024-05-24,"Old Trafford, Manchester",3,15.5,Warwickshire,Lancashire,EG Barnard,DR Mousley,NM Lyon,1,0,,,,,,,,,
1410226,2024,2024-05-24,"Old Trafford, Manchester",3,15.6,Warwickshire,Lancashire,DR Mousley,EG Barnard,NM Lyon,0,0,,,,,,,,,
1410226,2024,2024-05-24,"Old Trafford, Manchester",3,16.1,Warwickshire,Lancashire,EG Barnard,DR Mousley,JP Morley,1,0,,,,,,,,,
1410226,2024,2024-05-24,"Old Trafford, Manchester",3,16.2,Warwickshire,Lancashire,DR Mousley,EG Barnard,JP Morley,1,0,,,,,,,,,
1410226,2024,2024-05-24,"Old Trafford, Manchester",3,16.3,Warwickshire,Lancashire,EG Barnard,DR Mousley,JP Morley,1,0,,,,,,,,,
1410226,2024,2024-05-24,"Old Trafford, Manchester",3,16.4,Warwickshire,Lancashire,DR Mousley,EG Barnard,JP Morley,1,0,,,,,,,,,
1410226,2024,2024-05-24,"Old Trafford, Manchester",3,16.5,Warwickshire,Lancashire,EG Barnard,DR Mousley,JP Morley,1,0,,,,,,,,,
1410226,2024,2024-05-24,"Old Trafford, Manchester",3,16.6,Warwickshire,Lancashire,DR Mousley,EG Barnard,JP Morley,0,0,,,,,,,,,
1410226,2024,2024-05-24,"Old Trafford, Manchester",3,17.1,Warwickshire,Lancashire,EG Barnard,DR Mousley,NM Lyon,0,1,,,,1,,,,,
1410226,2024,2024-05-24,"Old Trafford, Manchester",3,17.2,Warwickshire,Lancashire,DR Mousley,EG Barnard,NM Lyon,2,0,,,,,,,,,
1410226,2024,2024-05-24,"Old Trafford, Manchester",3,17.3,Warwickshire,Lancashire,DR Mousley,EG Barnard,NM Lyon,0,0,,,,,,,,,
1410226,2024,2024-05-24,"Old Trafford, Manchester",3,17.4,Warwickshire,Lancashire,DR Mousley,EG Barnard,NM Lyon,0,0,,,,,,,,,
1410226,2024,2024-05-24,"Old Trafford, Manchester",3,17.5,Warwickshire,Lancashire,DR Mousley,EG Barnard,NM Lyon,0,0,,,,,,,,,
1410226,2024,2024-05-24,"Old Trafford, Manchester",3,17.6,Warwickshire,Lancashire,DR Mousley,EG Barnard,NM Lyon,4,0,,,,,,,,,
1410226,2024,2024-05-24,"Old Trafford, Manchester",3,18.1,Warwickshire,Lancashire,EG Barnard,DR Mousley,JP Morley,6,0,,,,,,,,,
1410226,2024,2024-05-24,"Old Trafford, Manchester",3,18.2,Warwickshire,Lancashire,EG Barnard,DR Mousley,JP Morley,1,0,,,,,,,,,
1410226,2024,2024-05-24,"Old Trafford, Manchester",3,18.3,Warwickshire,Lancashire,DR Mousley,EG Barnard,JP Morley,1,0,,,,,,,,,
1410226,2024,2024-05-24,"Old Trafford, Manchester",3,18.4,Warwickshire,Lancashire,EG Barnard,DR Mousley,JP Morley,0,0,,,,,,,,,
1410226,2024,2024-05-24,"Old Trafford, Manchester",3,18.5,Warwickshire,Lancashire,EG Barnard,DR Mousley,JP Morley,1,0,,,,,,,,,
1410226,2024,2024-05-24,"Old Trafford, Manchester",3,18.6,Warwickshire,Lancashire,DR Mousley,EG Barnard,JP Morley,1,0,,,,,,,,,
1410226,2024,2024-05-24,"Old Trafford, Manchester",3,19.1,Warwickshire,Lancashire,DR Mousley,EG Barnard,NM Lyon,1,0,,,,,,,,,
1410226,2024,2024-05-24,"Old Trafford, Manchester",3,19.2,Warwickshire,Lancashire,EG Barnard,DR Mousley,NM Lyon,0,0,,,,,,,,,
1410226,2024,2024-05-24,"Old Trafford, Manchester",3,19.3,Warwickshire,Lancashire,EG Barnard,DR Mousley,NM Lyon,0,0,,,,,,,,,
1410226,2024,2024-05-24,"Old Trafford, Manchester",3,19.4,Warwickshire,Lancashire,EG Barnard,DR Mousley,NM Lyon,0,0,,,,,,,,,
1410226,2024,2024-05-24,"Old Trafford, Manchester",3,19.5,Warwickshire,Lancashire,EG Barnard,DR Mousley,NM Lyon,4,0,,,,,,,,,
1410226,2024,2024-05-24,"Old Trafford, Manchester",3,19.6,Warwickshire,Lancashire,EG Barnard,DR Mousley,NM Lyon,2,0,,,,,,,,,
1410226,2024,2024-05-24,"Old Trafford, Manchester",3,20.1,Warwickshire,Lancashire,DR Mousley,EG Barnard,JP Morley,0,0,,,,,,,,,
1410226,2024,2024-05-24,"Old Trafford, Manchester",3,20.2,Warwickshire,Lancashire,DR Mousley,EG Barnard,JP Morley,1,0,,,,,,,,,
1410226,2024,2024-05-24,"Old Trafford, Manchester",3,20.3,Warwickshire,Lancashire,EG Barnard,DR Mousley,JP Morley,0,0,,,,,,,,,
1410226,2024,2024-05-24,"Old Trafford, Manchester",3,20.4,Warwickshire,Lancashire,EG Barnard,DR Mousley,JP Morley,0,0,,,,,,,,,
1410226,2024,2024-05-24,"Old Trafford, Manchester",3,20.5,Warwickshire,Lancashire,EG Barnard,DR Mousley,JP Morley,1,0,,,,,,,,,
1410226,2024,2024-05-24,"Old Trafford, Manchester",3,20.6,Warwickshire,Lancashire,DR Mousley,EG Barnard,JP Morley,0,0,,,,,,,,,
1410226,2024,2024-05-24,"Old Trafford, Manchester",3,21.1,Warwickshire,Lancashire,EG Barnard,DR Mousley,NM Lyon,0,5,,,,,5,,,,
1410226,2024,2024-05-24,"Old Trafford, Manchester",3,21.2,Warwickshire,Lancashire,EG Barnard,DR Mousley,NM Lyon,4,0,,,,,,,,,
1410226,2024,2024-05-24,"Old Trafford, Manchester",3,21.3,Warwickshire,Lancashire,EG Barnard,DR Mousley,NM Lyon,0,4,,,4,,,,,,
1410226,2024,2024-05-24,"Old Trafford, Manchester",3,21.4,Warwickshire,Lancashire,EG Barnard,DR Mousley,NM Lyon,0,0,,,,,,,,,
1410226,2024,2024-05-24,"Old Trafford, Manchester",3,21.5,Warwickshire,Lancashire,EG Barnard,DR Mousley,NM Lyon,0,0,,,,,,,,,
1410226,2024,2024-05-24,"Old Trafford, Manchester",3,21.6,Warwickshire,Lancashire,EG Barnard,DR Mousley,NM Lyon,0,1,,,1,,,,,,
1410226,2024,2024-05-24,"Old Trafford, Manchester",3,22.1,Warwickshire,Lancashire,EG Barnard,DR Mousley,JP Morley,0,0,,,,,,,,,
1410226,2024,2024-05-24,"Old Trafford, Manchester",3,22.2,Warwickshire,Lancashire,EG Barnard,DR Mousley,JP Morley,0,0,,,,,,,,,
1410226,2024,2024-05-24,"Old Trafford, Manchester",3,22.3,Warwickshire,Lancashire,EG Barnard,DR Mousley,JP Morley,1,0,,,,,,,,,
1410226,2024,2024-05-24,"Old Trafford, Manchester",3,22.4,Warwickshire,Lancashire,DR Mousley,EG Barnard,JP Morley,0,0,,,,,,,,,
1410226,2024,2024-05-24,"Old Trafford, Manchester",3,22.5,Warwickshire,Lancashire,DR Mousley,EG Barnard,JP Morley,4,0,,,,,,,,,
1410226,2024,2024-05-24,"Old Trafford, Manchester",3,22.6,Warwickshire,Lancashire,DR Mousley,EG Barnard,JP Morley,0,0,,,,,,,,,
1410226,2024,2024-05-24,"Old Trafford, Manchester",3,23.1,Warwickshire,Lancashire,EG Barnard,DR Mousley,NM Lyon,2,0,,,,,,,,,
1410226,2024,2024-05-24,"Old Trafford, Manchester",3,23.2,Warwickshire,Lancashire,EG Barnard,DR Mousley,NM Lyon,0,0,,,,,,,,,
1410226,2024,2024-05-24,"Old Trafford, Manchester",3,23.3,Warwickshire,Lancashire,EG Barnard,DR Mousley,NM Lyon,0,0,,,,,,,,,
1410226,2024,2024-05-24,"Old Trafford, Manchester",3,23.4,Warwickshire,Lancashire,EG Barnard,DR Mousley,NM Lyon,1,0,,,,,,,,,
1410226,2024,2024-05-24,"Old Trafford, Manchester",3,23.5,Warwickshire,Lancashire,DR Mousley,EG Barnard,NM Lyon,1,0,,,,,,,,,
1410226,2024,2024-05-24,"Old Trafford, Manchester",3,23.6,Warwickshire,Lancashire,EG Barnard,DR Mousley,NM Lyon,1,0,,,,,,,,,
1410226,2024,2024-05-24,"Old Trafford, Manchester",4,0.1,Lancashire,Warwickshire,LWP Wells,KK Jennings,OJ Hannon-Dalby,1,0,,,,,,,,,
1410226,2024,2024-05-24,"Old Trafford, Manchester",4,0.2,Lancashire,Warwickshire,KK Jennings,LWP Wells,OJ Hannon-Dalby,0,0,,,,,,,,,
1410226,2024,2024-05-24,"Old Trafford, Manchester",4,0.3,Lancashire,Warwickshire,KK Jennings,LWP Wells,OJ Hannon-Dalby,0,0,,,,,,,,,
1410226,2024,2024-05-24,"Old Trafford, Manchester",4,0.4,Lancashire,Warwickshire,KK Jennings,LWP Wells,OJ Hannon-Dalby,0,0,,,,,,,,,
1410226,2024,2024-05-24,"Old Trafford, Manchester",4,0.5,Lancashire,Warwickshire,KK Jennings,LWP Wells,OJ Hannon-Dalby,0,0,,,,,,,,,
1410226,2024,2024-05-24,"Old Trafford, Manchester",4,0.6,Lancashire,Warwickshire,KK Jennings,LWP Wells,OJ Hannon-Dalby,0,0,,,,,,,,,
1410226,2024,2024-05-24,"Old Trafford, Manchester",4,1.1,Lancashire,Warwickshire,LWP Wells,KK Jennings,MD Rae,0,0,,,,,,,,,
1410226,2024,2024-05-24,"Old Trafford, Manchester",4,1.2,Lancashire,Warwickshire,LWP Wells,KK Jennings,MD Rae,0,0,,,,,,,,,
1410226,2024,2024-05-24,"Old Trafford, Manchester",4,1.3,Lancashire,Warwickshire,LWP Wells,KK Jennings,MD Rae,0,0,,,,,,,,,
1410226,2024,2024-05-24,"Old Trafford, Manchester",4,1.4,Lancashire,Warwickshire,LWP Wells,KK Jennings,MD Rae,0,0,,,,,,caught,LWP Wells,,
1410226,2024,2024-05-24,"Old Trafford, Manchester",4,1.5,Lancashire,Warwickshire,JJ Bohannon,KK Jennings,MD Rae,4,0,,,,,,,,,
1410226,2024,2024-05-24,"Old Trafford, Manchester",4,1.6,Lancashire,Warwickshire,JJ Bohannon,KK Jennings,MD Rae,0,0,,,,,,,,,
1410226,2024,2024-05-24,"Old Trafford, Manchester",4,2.1,Lancashire,Warwickshire,KK Jennings,JJ Bohannon,OJ Hannon-Dalby,0,0,,,,,,,,,
1410226,2024,2024-05-24,"Old Trafford, Manchester",4,2.2,Lancashire,Warwickshire,KK Jennings,JJ Bohannon,OJ Hannon-Dalby,0,0,,,,,,,,,
1410226,2024,2024-05-24,"Old Trafford, Manchester",4,2.3,Lancashire,Warwickshire,KK Jennings,JJ Bohannon,OJ Hannon-Dalby,0,0,,,,,,,,,
1410226,2024,2024-05-24,"Old Trafford, Manchester",4,2.4,Lancashire,Warwickshire,KK Jennings,JJ Bohannon,OJ Hannon-Dalby,0,0,,,,,,,,,
1410226,2024,2024-05-24,"Old Trafford, Manchester",4,2.5,Lancashire,Warwickshire,KK Jennings,JJ Bohannon,OJ Hannon-Dalby,0,0,,,,,,,,,
1410226,2024,2024-05-24,"Old Trafford, Manchester",4,2.6,Lancashire,Warwickshire,KK Jennings,JJ Bohannon,OJ Hannon-Dalby,0,0,,,,,,,,,
1410226,2024,2024-05-24,"Old Trafford, Manchester",4,3.1,Lancashire,Warwickshire,JJ Bohannon,KK Jennings,MD Rae,6,0,,,,,,,,,
1410226,2024,2024-05-24,"Old Trafford, Manchester",4,3.2,Lancashire,Warwickshire,JJ Bohannon,KK Jennings,MD Rae,0,0,,,,,,,,,
1410226,2024,2024-05-24,"Old Trafford, Manchester",4,3.3,Lancashire,Warwickshire,JJ Bohannon,KK Jennings,MD Rae,1,0,,,,,,,,,
1410226,2024,2024-05-24,"Old Trafford, Manchester",4,3.4,Lancashire,Warwickshire,KK Jennings,JJ Bohannon,MD Rae,0,0,,,,,,,,,
1410226,2024,2024-05-24,"Old Trafford, Manchester",4,3.5,Lancashire,Warwickshire,KK Jennings,JJ Bohannon,MD Rae,1,0,,,,,,,,,
1410226,2024,2024-05-24,"Old Trafford, Manchester",4,3.6,Lancashire,Warwickshire,JJ Bohannon,KK Jennings,MD Rae,2,0,,,,,,,,,
1410226,2024,2024-05-24,"Old Trafford, Manchester",4,4.1,Lancashire,Warwickshire,KK Jennings,JJ Bohannon,OJ Hannon-Dalby,4,0,,,,,,,,,
1410226,2024,2024-05-24,"Old Trafford, Manchester",4,4.2,Lancashire,Warwickshire,KK Jennings,JJ Bohannon,OJ Hannon-Dalby,0,0,,,,,,,,,
1410226,2024,2024-05-24,"Old Trafford, Manchester",4,4.3,Lancashire,Warwickshire,KK Jennings,JJ Bohannon,OJ Hannon-Dalby,2,0,,,,,,,,,
1410226,2024,2024-05-24,"Old Trafford, Manchester",4,4.4,Lancashire,Warwickshire,KK Jennings,JJ Bohannon,OJ Hannon-Dalby,0,0,,,,,,,,,
1410226,2024,2024-05-24,"Old Trafford, Manchester",4,4.5,Lancashire,Warwickshire,KK Jennings,JJ Bohannon,OJ Hannon-Dalby,1,0,,,,,,,,,
1410226,2024,2024-05-24,"Old Trafford, Manchester",4,4.6,Lancashire,Warwickshire,JJ Bohannon,KK Jennings,OJ Hannon-Dalby,1,2,,2,,,,,,,
1410226,2024,2024-05-24,"Old Trafford, Manchester",4,4.7,Lancashire,Warwickshire,KK Jennings,JJ Bohannon,OJ Hannon-Dalby,0,1,,,1,,,,,,
1410226,2024,2024-05-24,"Old Trafford, Manchester",4,5.1,Lancashire,Warwickshire,KK Jennings,JJ Bohannon,MD Rae,4,0,,,,,,,,,
1410226,2024,2024-05-24,"Old Trafford, Manchester",4,5.2,Lancashire,Warwickshire,KK Jennings,JJ Bohannon,MD Rae,0,0,,,,,,,,,
1410226,2024,2024-05-24,"Old Trafford, Manchester",4,5.3,Lancashire,Warwickshire,KK Jennings,JJ Bohannon,MD Rae,1,0,,,,,,,,,
1410226,2024,2024-05-24,"Old Trafford, Manchester",4,5.4,Lancashire,Warwickshire,JJ Bohannon,KK Jennings,MD Rae,1,0,,,,,,,,,
1410226,2024,2024-05-24,"Old Trafford, Manchester",4,5.5,Lancashire,Warwickshire,KK Jennings,JJ Bohannon,MD Rae,0,0,,,,,,,,,
1410226,2024,2024-05-24,"Old Trafford, Manchester",4,5.6,Lancashire,Warwickshire,KK Jennings,JJ Bohannon,MD Rae,1,0,,,,,,,,,
1410226,2024,2024-05-24,"Old Trafford, Manchester",4,6.1,Lancashire,Warwickshire,KK Jennings,JJ Bohannon,JG Bethell,0,0,,,,,,,,,
1410226,2024,2024-05-24,"Old Trafford, Manchester",4,6.2,Lancashire,Warwickshire,KK Jennings,JJ Bohannon,JG Bethell,4,0,,,,,,,,,
1410226,2024,2024-05-24,"Old Trafford, Manchester",4,6.3,Lancashire,Warwickshire,KK Jennings,JJ Bohannon,JG Bethell,0,0,,,,,,,,,
1410226,2024,2024-05-24,"Old Trafford, Manchester",4,6.4,Lancashire,Warwickshire,KK Jennings,JJ Bohannon,JG Bethell,0,0,,,,,,bowled,KK Jennings,,
1410226,2024,2024-05-24,"Old Trafford, Manchester",4,6.5,Lancashire,Warwickshire,GJ Bell,JJ Bohannon,JG Bethell,1,0,,,,,,,,,
1410226,2024,2024-05-24,"Old Trafford, Manchester",4,6.6,Lancashire,Warwickshire,JJ Bohannon,GJ Bell,JG Bethell,0,0,,,,,,,,,
1410226,2024,2024-05-24,"Old Trafford, Manchester",4,7.1,Lancashire,Warwickshire,GJ Bell,JJ Bohannon,MD Rae,0,0,,,,,,,,,
1410226,2024,2024-05-24,"Old Trafford, Manchester",4,7.2,Lancashire,Warwickshire,GJ Bell,JJ Bohannon,MD Rae,2,0,,,,,,,,,
1410226,2024,2024-05-24,"Old Trafford, Manchester",4,7.3,Lancashire,Warwickshire,GJ Bell,JJ Bohannon,MD Rae,1,0,,,,,,,,,
1410226,2024,2024-05-24,"Old Trafford, Manchester",4,7.4,Lancashire,Warwickshire,JJ Bohannon,GJ Bell,MD Rae,0,0,,,,,,caught,JJ Bohannon,,
1410226,2024,2024-05-24,"Old Trafford, Manchester",4,7.5,Lancashire,Warwickshire,TC Bruce,GJ Bell,MD Rae,0,0,,,,,,,,,
1410226,2024,2024-05-24,"Old Trafford, Manchester",4,7.6,Lancashire,Warwickshire,TC Bruce,GJ Bell,MD Rae,0,0,,,,,,,,,
1410226,2024,2024-05-24,"Old Trafford, Manchester",4,8.1,Lancashire,Warwickshire,GJ Bell,TC Bruce,RM Yates,0,0,,,,,,,,,
1410226,2024,2024-05-24,"Old Trafford, Manchester",4,8.2,Lancashire,Warwickshire,GJ Bell,TC Bruce,RM Yates,1,0,,,,,,,,,
1410226,2024,2024-05-24,"Old Trafford, Manchester",4,8.3,Lancashire,Warwickshire,TC Bruce,GJ Bell,RM Yates,1,0,,,,,,,,,
1410226,2024,2024-05-24,"Old Trafford, Manchester",4,8.4,Lancashire,Warwickshire,GJ Bell,TC Bruce,RM Yates,1,0,,,,,,,,,
1410226,2024,2024-05-24,"Old Trafford, Manchester",4,8.5,Lancashire,Warwickshire,TC Bruce,GJ Bell,RM Yates,1,0,,,,,,,,,
1410226,2024,2024-05-24,"Old Trafford, Manchester",4,8.6,Lancashire,Warwickshire,GJ Bell,TC Bruce,RM Yates,0,0,,,,,,,,,
1410226,2024,2024-05-24,"Old Trafford, Manchester",4,9.1,Lancashire,Warwickshire,TC Bruce,GJ Bell,MD Rae,1,0,,,,,,,,,
1410226,2024,2024-05-24,"Old Trafford, Manchester",4,9.2,Lancashire,Warwickshire,GJ Bell,TC Bruce,MD Rae,0,0,,,,,,caught,GJ Bell,,
1410226,2024,2024-05-24,"Old Trafford, Manchester",4,9.3,Lancashire,Warwickshire,MF Hurst,TC Bruce,MD Rae,0,0,,,,,,,,,
1410226,2024,2024-05-24,"Old Trafford, Manchester",4,9.4,Lancashire,Warwickshire,MF Hurst,TC Bruce,MD Rae,1,0,,,,,,,,,
1410226,2024,2024-05-24,"Old Trafford, Manchester",4,9.5,Lancashire,Warwickshire,TC Bruce,MF Hurst,MD Rae,1,0,,,,,,,,,
1410226,2024,2024-05-24,"Old Trafford, Manchester",4,9.6,Lancashire,Warwickshire,MF Hurst,TC Bruce,MD Rae,2,0,,,,,,,,,
1410226,2024,2024-05-24,"Old Trafford, Manchester",4,10.1,Lancashire,Warwickshire,TC Bruce,MF Hurst,RM Yates,1,0,,,,,,,,,
1410226,2024,2024-05-24,"Old Trafford, Manchester",4,10.2,Lancashire,Warwickshire,MF Hurst,TC Bruce,RM Yates,1,0,,,,,,,,,
1410226,2024,2024-05-24,"Old Trafford, Manchester",4,10.3,Lancashire,Warwickshire,TC Bruce,MF Hurst,RM Yates,1,0,,,,,,,,,
1410226,2024,2024-05-24,"Old Trafford, Manchester",4,10.4,Lancashire,Warwickshire,MF Hurst,TC Bruce,RM Yates,0,0,,,,,,,,,
1410226,2024,2024-05-24,"Old Trafford, Manchester",4,10.5,Lancashire,Warwickshire,MF Hurst,TC Bruce,RM Yates,1,0,,,,,,,,,
1410226,2024,2024-05-24,"Old Trafford, Manchester",4,10.6,Lancashire,Warwickshire,TC Bruce,MF Hurst,RM Yates,1,0,,,,,,,,,
1410226,2024,2024-05-24,"Old Trafford, Manchester",4,11.1,Lancashire,Warwickshire,TC Bruce,MF Hurst,MD Rae,0,0,,,,,,,,,
1410226,2024,2024-05-24,"Old Trafford, Manchester",4,11.2,Lancashire,Warwickshire,TC Bruce,MF Hurst,MD Rae,4,0,,,,,,,,,
1410226,2024,2024-05-24,"Old Trafford, Manchester",4,11.3,Lancashire,Warwickshire,TC Bruce,MF Hurst,MD Rae,0,0,,,,,,,,,
1410226,2024,2024-05-24,"Old Trafford, Manchester",4,11.4,Lancashire,Warwickshire,TC Bruce,MF Hurst,MD Rae,0,0,,,,,,,,,
1410226,2024,2024-05-24,"Old Trafford, Manchester",4,11.5,Lancashire,Warwickshire,TC Bruce,MF Hurst,MD Rae,4,0,,,,,,,,,
1410226,2024,2024-05-24,"Old Trafford, Manchester",4,11.6,Lancashire,Warwickshire,TC Bruce,MF Hurst,MD Rae,2,0,,,,,,,,,
1410226,2024,2024-05-24,"Old Trafford, Manchester",4,12.1,Lancashire,Warwickshire,MF Hurst,TC Bruce,JG Bethell,0,0,,,,,,,,,
1410226,2024,2024-05-24,"Old Trafford, Manchester",4,12.2,Lancashire,Warwickshire,MF Hurst,TC Bruce,JG Bethell,1,0,,,,,,,,,
1410226,2024,2024-05-24,"Old Trafford, Manchester",4,12.3,Lancashire,Warwickshire,TC Bruce,MF Hurst,JG Bethell,4,0,,,,,,,,,
1410226,2024,2024-05-24,"Old Trafford, Manchester",4,12.4,Lancashire,Warwickshire,TC Bruce,MF Hurst,JG Bethell,6,0,,,,,,,,,
1410226,2024,2024-05-24,"Old Trafford, Manchester",4,12.5,Lancashire,Warwickshire,TC Bruce,MF Hurst,JG Bethell,0,0,,,,,,,,,
1410226,2024,2024-05-24,"Old Trafford, Manchester",4,12.6,Lancashire,Warwickshire,TC Bruce,MF Hurst,JG Bethell,1,0,,,,,,,,,
1410226,2024,2024-05-24,"Old Trafford, Manchester",4,13.1,Lancashire,Warwickshire,TC Bruce,MF Hurst,JB Lintott,1,0,,,,,,,,,
1410226,2024,2024-05-24,"Old Trafford, Manchester",4,13.2,Lancashire,Warwickshire,MF Hurst,TC Bruce,JB Lintott,0,0,,,,,,,,,
1410226,2024,2024-05-24,"Old Trafford, Manchester",4,13.3,Lancashire,Warwickshire,MF Hurst,TC Bruce,JB Lintott,1,0,,,,,,,,,
1410226,2024,2024-05-24,"Old Trafford, Manchester",4,13.4,Lancashire,Warwickshire,TC Bruce,MF Hurst,JB Lintott,1,0,,,,,,,,,
1410226,2024,2024-05-24,"Old Trafford, Manchester",4,13.5,Lancashire,Warwickshire,MF Hurst,TC Bruce,JB Lintott,4,0,,,,,,,,,
1410226,2024,2024-05-24,"Old Trafford, Manchester",4,13.6,Lancashire,Warwickshire,MF Hurst,TC Bruce,JB Lintott,1,0,,,,,,,,,
1410226,2024,2024-05-24,"Old Trafford, Manchester",4,14.1,Lancashire,Warwickshire,MF Hurst,TC Bruce,Hasan Ali,2,0,,,,,,,,,
1410226,2024,2024-05-24,"Old Trafford, Manchester",4,14.2,Lancashire,Warwickshire,MF Hurst,TC Bruce,Hasan Ali,0,0,,,,,,,,,
1410226,2024,2024-05-24,"Old Trafford, Manchester",4,14.3,Lancashire,Warwickshire,MF Hurst,TC Bruce,Hasan Ali,0,0,,,,,,,,,
1410226,2024,2024-05-24,"Old Trafford, Manchester",4,14.4,Lancashire,Warwickshire,MF Hurst,TC Bruce,Hasan Ali,1,0,,,,,,,,,
1410226,2024,2024-05-24,"Old Trafford, Manchester",4,14.5,Lancashire,Warwickshire,TC Bruce,MF Hurst,Hasan Ali,1,0,,,,,,,,,
1410226,2024,2024-05-24,"Old Trafford, Manchester",4,14.6,Lancashire,Warwickshire,MF Hurst,TC Bruce,Hasan Ali,0,0,,,,,,,,,
